51.03972244262695 1117.7904052734375 517.405029296875 1020.9766845703125
102.83027648925781 1120.089111328125 520.2003784179688 1026.05224609375
110.13867950439453 1117.1217041015625 517.405029296875 1020.9766845703125
112.98131561279297 1120.0570068359375 520.2003784179688 1026.05224609375
120.69868469238281 1117.4503173828125 517.405029296875 1020.9766845703125
197.84188842773438 971.579345703125 466.435302734375 843.8969116210938
226.97071838378906 856.3984985351562 468.77325439453125 96.12547302246094
232.53359985351562 1119.417724609375 520.2003784179688 1026.05224609375
317.407470703125 153.7337646484375 380.91693115234375 105.29608917236328
383.65289306640625 146.63275146484375 368.23004150390625 111.5167007446289
390.67974853515625 1118.344970703125 520.2003784179688 1026.05224609375
494.961669921875 1093.4425048828125 371.6076354980469 904.0448608398438
537.6552734375 1020.0640869140625 770.5697631835938 596.9202880859375
552.7984008789062 1116.87744140625 520.2003784179688 1026.05224609375
552.7984008789062 1116.87744140625 520.2003784179688 1026.05224609375
553.3394165039062 149.125244140625 380.91693115234375 105.29608917236328
575.6834106445312 436.0072021484375 399.822021484375 351.043701171875
575.6834106445312 436.0072021484375 399.822021484375 351.043701171875
578.0103759765625 911.4506225585938 261.35406494140625 744.618896484375
584.3173217773438 694.3226928710938 407.5398254394531 584.8043823242188
696.6693115234375 1023.9740600585938 474.28863525390625 906.1017456054688
756.5430908203125 986.501708984375 533.0231323242188 709.3626708984375
763.7122802734375 1115.6080322265625 520.2003784179688 1026.05224609375
769.0948486328125 1112.1304931640625 517.405029296875 1020.9766845703125
798.9376831054688 797.4978637695312 533.0231323242188 709.3626708984375
