5.623663425445557 883.926513671875 125.63876342773438 743.6647338867188
30.099140167236328 339.6285705566406 133.30650329589844 382.266845703125
31.878582000732422 358.6603088378906 133.30650329589844 382.266845703125
35.77397155761719 293.73150634765625 134.69580078125 340.33575439453125
40.8524055480957 1120.957275390625 146.46701049804688 872.77490234375
46.504703521728516 1121.106201171875 149.96484375 873.1727294921875
51.22895812988281 251.77545166015625 141.74343872070312 315.74578857421875
76.20399475097656 723.6221313476562 163.43385314941406 618.2003784179688
86.55500793457031 804.243896484375 170.34547424316406 670.1627197265625
90.01803588867188 439.3795471191406 168.0233917236328 433.2203369140625
102.83027648925781 1120.089111328125 504.26837158203125 903.447509765625
102.83027648925781 1120.089111328125 504.26837158203125 903.447509765625
112.98131561279297 1120.0570068359375 504.26837158203125 903.447509765625
112.98131561279297 1120.0570068359375 504.26837158203125 903.447509765625
119.97635650634766 859.0817260742188 190.4914093017578 705.9976806640625
120.83931732177734 871.05517578125 191.44290161132812 713.211181640625
122.14594268798828 978.0291137695312 192.95477294921875 783.7459106445312
122.82088470458984 979.018310546875 192.95477294921875 783.7459106445312
122.8468017578125 990.5508422851562 193.41099548339844 791.1476440429688
140.96151733398438 796.6931762695312 201.9924774169922 666.152099609375
140.96151733398438 796.6931762695312 201.9924774169922 666.152099609375
148.41256713867188 1028.222412109375 208.74102783203125 816.956787109375
148.41256713867188 1028.222412109375 208.74102783203125 816.956787109375
155.03805541992188 1029.298583984375 212.849853515625 817.9371948242188
157.40977478027344 824.25439453125 212.3745574951172 684.8320922851562
159.488525390625 192.81808471679688 205.6092071533203 269.7813720703125
162.9840087890625 462.52215576171875 209.9661102294922 447.423828125
169.97084045410156 855.2875366210938 219.98744201660156 705.1863403320312
172.5484619140625 1028.701904296875 242.7257843017578 820.1593017578125
172.55824279785156 786.0654296875 220.77716064453125 661.9426879882812
182.26077270507812 489.6794128417969 223.1438751220703 464.88897705078125
182.9990692138672 861.77197265625 228.19473266601562 709.830810546875
183.78567504882812 473.54864501953125 223.87208557128906 453.88775634765625
185.70787048339844 897.1559448242188 230.0040740966797 735.2152099609375
185.9967803955078 962.7595825195312 230.6883544921875 779.2985229492188
186.59927368164062 857.8938598632812 230.0847625732422 707.47802734375
186.59927368164062 857.8938598632812 230.0847625732422 707.47802734375
187.2033233642578 848.9822998046875 230.54949951171875 701.8822631835938
187.77801513671875 921.164306640625 231.30824279785156 748.5423583984375
193.55874633789062 981.4614868164062 531.97021484375 732.0994873046875
193.90147399902344 480.298828125 230.87380981445312 458.8543701171875
196.26748657226562 840.45849609375 235.67465209960938 696.6582641601562
196.62884521484375 790.2943115234375 236.203125 662.6085205078125
197.1204071044922 789.4639282226562 236.203125 662.6085205078125
201.44113159179688 534.3908081054688 235.48191833496094 494.4728088378906
201.44113159179688 534.3908081054688 235.48191833496094 494.4728088378906
201.44113159179688 534.3908081054688 235.48191833496094 494.4728088378906
202.91993713378906 848.1094360351562 239.80218505859375 701.79541015625
204.98394775390625 1028.85009765625 242.7257843017578 820.1593017578125
204.98394775390625 1028.85009765625 242.7257843017578 820.1593017578125
211.4188995361328 552.0836791992188 241.6670379638672 506.9005432128906
211.92318725585938 497.8608093261719 241.51441955566406 469.8835144042969
212.65835571289062 1119.570556640625 504.26837158203125 903.447509765625
212.71978759765625 1027.9698486328125 247.620849609375 819.87939453125
212.71978759765625 1027.9698486328125 247.620849609375 819.87939453125
213.58428955078125 779.9085083007812 245.7384033203125 657.14599609375
214.06178283691406 529.2472534179688 243.08396911621094 491.193115234375
214.06178283691406 529.2472534179688 243.08396911621094 491.193115234375
214.06178283691406 529.2472534179688 243.08396911621094 491.193115234375
214.32443237304688 974.4825439453125 248.71408081054688 784.507568359375
215.56588745117188 118.19135284423828 239.43470764160156 217.4342498779297
216.01571655273438 540.73193359375 244.41403198242188 498.52105712890625
216.7831268310547 800.3831176757812 247.9158477783203 670.985595703125
216.9142608642578 518.1640625 245.28004455566406 484.4435729980469
218.29617309570312 464.6873779296875 244.9895782470703 448.1326599121094
223.729736328125 759.7105102539062 251.71095275878906 644.1231079101562
224.96900939941406 564.814453125 250.14443969726562 514.8906860351562
224.96900939941406 564.814453125 250.14443969726562 514.8906860351562
225.8243865966797 838.38720703125 253.63558959960938 696.1871337890625
226.66770935058594 546.4371948242188 250.977294921875 501.9022521972656
226.97071838378906 856.3984985351562 576.874267578125 763.3833618164062
226.99118041992188 810.818359375 253.23570251464844 678.3496704101562
227.73143005371094 1030.091064453125 256.90887451171875 822.1571044921875
227.73143005371094 1030.091064453125 291.29376220703125 820.9774169921875
230.7699737548828 170.3155059814453 249.94515991210938 251.30174255371094
232.53359985351562 1119.417724609375 504.26837158203125 903.447509765625
236.77462768554688 53.208770751953125 251.79098510742188 171.98492431640625
237.77432250976562 778.9255981445312 260.71417236328125 655.5784912109375
239.87677001953125 743.6522216796875 261.40618896484375 634.5694580078125
240.55274963378906 920.0020751953125 263.44024658203125 749.8670654296875
240.82640075683594 754.3592529296875 261.9143371582031 641.0745239257812
240.8706512451172 1028.218994140625 265.1482849121094 821.320556640625
240.8706512451172 1028.218994140625 265.1482849121094 821.320556640625
241.62298583984375 155.60682678222656 256.1238098144531 240.86163330078125
243.6519317626953 474.6598815917969 260.7594909667969 454.1600646972656
245.9904327392578 869.8411865234375 266.34820556640625 717.024169921875
245.9904327392578 869.8411865234375 266.34820556640625 717.024169921875
248.16595458984375 974.1571655273438 268.71331787109375 786.1880493164062
248.16595458984375 974.1571655273438 268.71331787109375 786.1880493164062
248.5885772705078 839.3511962890625 267.84906005859375 697.5314331054688
250.1392059326172 988.0671997070312 270.09716796875 795.2139892578125
251.2814178466797 1027.9544677734375 271.1380920410156 821.5677490234375
252.0485382080078 760.6273193359375 621.60498046875 871.9388427734375
255.31271362304688 767.6603393554688 271.1356506347656 650.156005859375
255.31271362304688 767.6603393554688 271.1356506347656 650.156005859375
255.44491577148438 38.563453674316406 263.12701416015625 161.14923095703125
256.5965881347656 1024.00048828125 524.8558349609375 836.6939697265625
258.7864990234375 743.8780517578125 273.4037780761719 633.8072509765625
261.57049560546875 768.4771118164062 275.0148620605469 651.144287109375
263.94720458984375 665.970947265625 275.3139953613281 582.7242431640625
263.94720458984375 665.970947265625 275.3139953613281 582.7242431640625
267.8915710449219 837.7098388671875 279.87799072265625 697.4880981445312
271.18621826171875 1028.074951171875 283.3796691894531 822.6102905273438
272.3935852050781 473.13006591796875 278.2334899902344 452.9337158203125
273.40704345703125 781.8607788085938 282.45001220703125 659.7696533203125
275.6062927246094 522.7520141601562 279.84716796875 482.49456787109375
277.0613708496094 127.35977935791016 278.1261291503906 219.85484313964844
279.38507080078125 974.6203002929688 288.05474853515625 788.0032348632812
279.4858703613281 1025.71484375 288.5356750488281 821.6361083984375
280.878173828125 480.3764953613281 283.4892883300781 457.8119812011719
282.0755310058594 843.6953125 288.20123291015625 698.1422119140625
283.8414306640625 1024.52734375 291.29376220703125 820.9774169921875
283.8414306640625 1024.52734375 291.29376220703125 820.9774169921875
289.136962890625 158.33876037597656 417.7378845214844 222.08929443359375
289.5197448730469 763.0401611328125 292.20721435546875 647.6732788085938
291.91278076171875 1028.1650390625 296.4869689941406 823.8089599609375
291.91278076171875 1028.1650390625 296.4869689941406 823.8089599609375
294.50738525390625 124.89718627929688 288.4696960449219 217.53395080566406
295.44927978515625 615.4765625 293.4598083496094 551.3912963867188
297.7018127441406 809.1980590820312 297.9097900390625 678.6152954101562
299.4409484863281 878.8139038085938 301.6069030761719 725.42919921875
302.2607727050781 420.36016845703125 296.73382568359375 416.9496765136719
302.6003723144531 477.239990234375 296.3408508300781 455.1382141113281
304.302734375 448.1452941894531 297.8086242675781 435.4173583984375
305.19189453125 399.208984375 298.3477783203125 402.5924377441406
306.3131408691406 827.9906005859375 303.4697265625 692.31298828125
307.7501525878906 1027.589111328125 306.369873046875 824.3416748046875
309.4368591308594 911.427734375 306.33123779296875 747.3947143554688
313.7159423828125 111.0858154296875 300.5497741699219 207.41641235351562
314.74761962890625 963.0228271484375 310.31536865234375 782.6581420898438
314.74761962890625 963.0228271484375 310.31536865234375 782.6581420898438
315.2347106933594 436.4794006347656 304.6798095703125 427.5266418457031
317.0885009765625 1037.1417236328125 312.0105895996094 831.1420288085938
318.8870849609375 986.7566528320312 313.07781982421875 797.6138916015625
324.85333251953125 544.415283203125 310.9951477050781 502.54425048828125
326.71697998046875 1044.70068359375 318.51092529296875 836.601806640625
328.7269287109375 613.3897705078125 315.6737365722656 547.854248046875
331.7032470703125 1026.9884033203125 321.4193115234375 825.133056640625
333.51837158203125 1006.1113891601562 321.6163635253906 811.6378173828125
335.05072021484375 462.65374755859375 317.38934326171875 445.5616760253906
336.717041015625 1044.3883056640625 324.662353515625 837.0294189453125
338.044921875 996.177978515625 325.440673828125 804.5198364257812
340.3056945800781 1034.6119384765625 327.2641906738281 830.7781982421875
342.4094543457031 911.0914306640625 327.57598876953125 748.375732421875
344.15203857421875 1026.38818359375 329.469970703125 825.3460693359375
344.98712158203125 395.93377685546875 323.325927734375 399.46588134765625
345.41595458984375 389.0572814941406 323.7339172363281 395.15374755859375
345.96990966796875 547.0084228515625 326.01031494140625 502.4034729003906
346.2682800292969 382.1229553222656 324.62451171875 390.7840881347656
347.12005615234375 1017.305419921875 331.5650939941406 819.896484375
347.6682434082031 1035.7156982421875 331.1126403808594 831.549072265625
349.86578369140625 581.2132568359375 330.0149230957031 524.81005859375
350.9884338378906 1026.1295166015625 333.79425048828125 825.6528930664062
350.9884338378906 1026.1295166015625 333.79425048828125 825.6528930664062
351.111083984375 526.78466796875 330.89727783203125 487.6492919921875
355.6665344238281 1034.9451904296875 336.6114196777344 832.1585083007812
357.2249755859375 1026.2196044921875 337.76031494140625 826.0899658203125
357.3703918457031 148.84402465820312 417.7378845214844 222.08929443359375
358.17828369140625 456.9704895019531 331.45697021484375 442.2023010253906
358.9776916503906 983.0115356445312 338.6502380371094 797.205810546875
361.6689147949219 93.01348876953125 330.7788391113281 192.28712463378906
363.2655334472656 1025.884765625 341.80072021484375 826.1732177734375
363.2655334472656 1025.884765625 341.80072021484375 826.1732177734375
365.4695129394531 475.2858581542969 337.2793884277344 453.3827819824219
366.1085205078125 553.0729370117188 338.7857666015625 506.65185546875
366.6413879394531 620.5856323242188 339.57135009765625 552.3255004882812
368.12652587890625 967.2200927734375 344.658203125 787.0609741210938
374.12359619140625 671.7116088867188 345.0372619628906 587.6117553710938
374.5151062011719 554.0940551757812 344.237060546875 507.1182556152344
375.12152099609375 617.72509765625 345.5295104980469 550.4315795898438
377.8583068847656 1023.8528442382812 351.1913757324219 825.836181640625
377.8764953613281 564.1561279296875 346.01214599609375 514.2164306640625
378.862060546875 392.9428405761719 345.54473876953125 396.680908203125
380.00335693359375 469.5394287109375 346.24127197265625 449.53369140625
385.6708679199219 678.9246215820312 352.38079833984375 592.4076538085938
385.6708679199219 678.9246215820312 352.38079833984375 592.4076538085938
385.9640808105469 1023.6693115234375 356.4549560546875 825.9758911132812
386.61749267578125 560.3037719726562 352.0234375 511.4605407714844
388.0955505371094 456.7900695800781 351.7156677246094 440.6417236328125
389.9754943847656 503.0379333496094 353.773681640625 472.06243896484375
390.67974853515625 1118.344970703125 504.26837158203125 903.447509765625
390.67974853515625 1118.344970703125 504.26837158203125 903.447509765625
391.57830810546875 572.397216796875 355.79241943359375 519.959228515625
392.5647888183594 1033.5062255859375 360.7227783203125 832.8335571289062
393.41839599609375 321.6546936035156 354.0735168457031 347.14532470703125
393.41839599609375 321.6546936035156 354.0735168457031 347.14532470703125
393.9230041503906 328.0944519042969 354.73699951171875 351.96942138671875
393.9230041503906 328.0944519042969 354.73699951171875 351.96942138671875
396.68426513671875 476.1540222167969 357.8389587402344 453.3404541015625
397.52667236328125 673.3014526367188 359.9403381347656 588.6929321289062
397.52667236328125 673.3014526367188 359.9403381347656 588.6929321289062
400.2340393066406 668.1949462890625 361.4461669921875 585.186279296875
402.4665222167969 1033.284912109375 367.0724792480469 833.1296997070312
402.4665222167969 1033.284912109375 367.0724792480469 833.1296997070312
402.66387939453125 612.4544067382812 362.9491271972656 547.0846557617188
402.8893737792969 560.1085815429688 364.1186828613281 511.3500671386719
403.83111572265625 570.4019775390625 363.52777099609375 518.1922607421875
405.6555480957031 375.7691650390625 362.77874755859375 384.309326171875
407.66802978515625 1118.51025390625 504.26837158203125 903.447509765625
407.83544921875 1046.5496826171875 370.9496154785156 842.403564453125
410.1361999511719 610.0211791992188 368.127685546875 545.488037109375
411.05218505859375 495.8834533691406 372.6206359863281 466.6287536621094
411.05218505859375 495.8834533691406 372.6206359863281 466.6287536621094
411.7191467285156 1118.5518798828125 504.26837158203125 903.447509765625
411.7191467285156 1118.5518798828125 504.26837158203125 903.447509765625
414.55316162109375 317.234619140625 367.7844543457031 343.587890625
417.3182678222656 1042.6268310546875 377.19342041015625 840.5922241210938
417.9219970703125 319.8415222167969 370.1106872558594 345.5111389160156
418.1392517089844 466.783447265625 371.67901611328125 446.8345031738281
418.2260437011719 320.0324401855469 369.51116943359375 344.9454345703125
419.4847717285156 1034.79736328125 376.91375732421875 834.592041015625
420.3017578125 961.270751953125 378.19793701171875 785.1734619140625
420.673583984375 1035.1156005859375 376.91375732421875 834.592041015625
420.9207458496094 571.0243530273438 374.23480224609375 518.8056030273438
421.6459045410156 973.5096435546875 379.5986022949219 793.8888549804688
425.184326171875 425.64599609375 375.9775695800781 418.6607360839844
425.184326171875 425.64599609375 375.9775695800781 418.6607360839844
425.5270080566406 542.5110473632812 378.09039306640625 499.1769714355469
426.52838134765625 555.3045654296875 378.154541015625 507.87701416015625
429.9119873046875 1023.9581298828125 386.6001281738281 828.6619873046875
431.3177490234375 748.7987060546875 384.1935729980469 642.5806884765625
433.2786865234375 986.8063354492188 387.17803955078125 803.3758544921875
433.2786865234375 986.8063354492188 387.17803955078125 803.3758544921875
433.558349609375 972.0071411132812 387.489501953125 793.4657592773438
436.0111999511719 676.9567260742188 385.6005554199219 591.8905029296875
436.473388671875 1020.7310180664062 389.4332275390625 826.5407104492188
436.7160339355469 525.9129028320312 383.8590393066406 487.2307434082031
439.9100341796875 989.7155151367188 391.36279296875 806.0869140625
441.1585388183594 306.8341979980469 385.1919860839844 335.22381591796875
441.57855224609375 549.5824584960938 388.42822265625 503.64605712890625
442.1634216308594 350.5426330566406 386.1740417480469 365.66180419921875
444.129638671875 984.8638916015625 393.97113037109375 802.8078002929688
444.8241271972656 367.943359375 388.57244873046875 378.4183349609375
445.0318908691406 993.1582641601562 395.030517578125 808.2653198242188
446.73919677734375 1034.8455810546875 396.2880859375 836.6212158203125
447.9788818359375 471.3695068359375 391.6357421875 449.6941833496094
448.6418762207031 14.840310096740723 387.01300048828125 132.2301483154297
449.9123840332031 1025.0855712890625 398.4775085449219 830.0942993164062
450.17364501953125 1111.5648193359375 398.5295715332031 889.2402954101562
451.9969787597656 332.8441467285156 392.4140930175781 353.1094055175781
452.9460754394531 1012.0061645507812 400.3831481933594 821.2294921875
453.07403564453125 965.5845947265625 400.270751953125 789.6845092773438
453.5679931640625 563.3265380859375 397.38250732421875 513.4132080078125
456.4959716796875 482.0486145019531 397.4187316894531 456.6811218261719
459.554443359375 1025.637451171875 404.8884582519531 830.9246826171875
460.002197265625 542.2008056640625 400.8030090332031 499.6828918457031
461.2572937011719 1034.18115234375 406.97796630859375 836.7578125
461.8874816894531 500.41522216796875 401.4514465332031 469.01141357421875
462.507568359375 320.7166748046875 399.6231384277344 344.462158203125
462.7689208984375 768.7268676757812 404.3959655761719 655.9002685546875
463.1107482910156 1033.888427734375 406.97796630859375 836.7578125
464.61444091796875 427.94525146484375 402.3984069824219 418.8561706542969
464.75274658203125 40.2212028503418 398.0033874511719 149.05300903320312
465.365478515625 432.13916015625 403.08123779296875 422.4759216308594
468.49365234375 641.44287109375 406.85162353515625 567.5045166015625
469.6808776855469 425.8001403808594 405.5066223144531 416.86968994140625
470.29315185546875 630.5364379882812 407.1844482421875 559.9618530273438
471.11383056640625 14.432645797729492 401.870361328125 130.00521850585938
472.08111572265625 1046.94775390625 412.93035888671875 846.9183959960938
475.551025390625 1045.959716796875 415.3768005371094 845.4761352539062
476.16619873046875 671.3804321289062 411.91314697265625 588.1492309570312
477.2521667480469 328.67706298828125 409.59747314453125 349.3790588378906
478.3340148925781 1043.786376953125 417.0899658203125 844.4033813476562
480.0262451171875 502.0856018066406 413.3157043457031 470.3003845214844
480.9831848144531 663.75048828125 415.3748779296875 583.0831909179688
481.67279052734375 833.0052490234375 417.3697509765625 700.4918823242188
484.15167236328125 689.4186401367188 417.4045715332031 600.9200439453125
484.5867004394531 566.6143798828125 417.34515380859375 515.5211181640625
484.6524658203125 314.1273498535156 414.19024658203125 338.9869384765625
484.86572265625 442.6136779785156 417.2274169921875 430.30340576171875
485.62353515625 73.57727813720703 412.2892761230469 171.15496826171875
485.62353515625 73.57727813720703 412.2892761230469 171.15496826171875
486.24664306640625 809.829833984375 420.19525146484375 684.3156127929688
486.8485412597656 509.85040283203125 417.88677978515625 475.5925598144531
487.0154113769531 803.2915649414062 419.9068908691406 680.3773803710938
487.7450256347656 785.416748046875 420.71575927734375 667.5442504882812
487.99554443359375 6.042664527893066 412.87335205078125 123.14312744140625
488.2539367675781 1024.4864501953125 424.0096130371094 832.1548461914062
488.2539367675781 1024.4864501953125 424.0096130371094 832.1548461914062
488.2650451660156 584.5123901367188 419.25262451171875 528.1663208007812
489.2650451660156 861.1671752929688 423.1370544433594 719.8431396484375
489.40203857421875 25.782381057739258 414.0351257324219 137.64088439941406
490.0804443359375 308.9169921875 417.91705322265625 335.1701965332031
491.0989990234375 146.62362670898438 417.7378845214844 222.08929443359375
491.0989990234375 146.62362670898438 417.7378845214844 222.08929443359375
491.1690368652344 1045.2652587890625 425.6350402832031 845.9091186523438
493.214111328125 830.6748657226562 425.0724182128906 698.956787109375
494.2718811035156 800.9940795898438 425.4880065917969 678.417236328125
494.2718811035156 800.9940795898438 425.4880065917969 678.417236328125
494.675537109375 320.9980773925781 421.4086608886719 343.6017761230469
494.9321594238281 1048.5067138671875 428.5790710449219 848.8909301757812
495.1839599609375 669.478515625 424.8115234375 587.3032836914062
495.9943542480469 384.02838134765625 424.5455627441406 385.40496826171875
499.18890380859375 648.9739379882812 427.7185363769531 572.9990234375
500.01702880859375 1075.4188232421875 432.0251770019531 867.1058349609375
501.070068359375 839.3097534179688 430.8166809082031 705.64990234375
501.17431640625 777.5880126953125 430.7221374511719 661.7478637695312
504.23486328125 658.775634765625 430.6342468261719 580.0491333007812
504.23486328125 658.775634765625 430.6342468261719 580.0491333007812
504.3341064453125 147.0306396484375 417.7378845214844 222.08929443359375
504.3362731933594 955.1736450195312 434.3901672363281 785.7277221679688
505.4165954589844 946.724365234375 434.761474609375 779.292724609375
506.6517333984375 776.7007446289062 433.5081481933594 662.172119140625
507.1396484375 10.084051132202148 426.4887390136719 124.99659729003906
507.25836181640625 804.197265625 434.39141845703125 681.1820068359375
507.9126892089844 5.646325588226318 426.2480773925781 121.670654296875
507.9126892089844 5.646325588226318 426.2480773925781 121.670654296875
508.4216003417969 1049.7066650390625 437.3756408691406 850.7625732421875
508.7165222167969 1045.04541015625 437.83795166015625 847.1295776367188
509.4956359863281 1053.171142578125 437.98907470703125 852.4609375
509.9861145019531 679.1766357421875 434.8417663574219 594.0901489257812
511.8360595703125 321.674072265625 432.893310546875 343.6196594238281
513.9821166992188 16.231172561645508 430.560791015625 128.7359161376953
513.9821166992188 16.231172561645508 430.560791015625 128.7359161376953
514.0545654296875 673.7553100585938 437.5679626464844 590.5691528320312
515.2109375 1049.80712890625 442.0771179199219 851.5443725585938
515.268798828125 1050.9102783203125 442.0771179199219 851.5443725585938
515.3748779296875 781.91748046875 439.548583984375 665.5372314453125
515.7655029296875 1035.2354736328125 442.3233947753906 841.0222778320312
515.9165649414062 1023.8972778320312 442.5960693359375 832.9525146484375
516.2993774414062 728.502197265625 439.6193542480469 628.8662719726562
516.5625610351562 424.0727844238281 437.1786193847656 415.33184814453125
517.5218505859375 53.61408996582031 433.91961669921875 154.5912628173828
520.6868286132812 1032.6156005859375 445.52294921875 839.225341796875
521.9203491210938 610.1102905273438 442.3433837890625 545.70556640625
523.421142578125 728.5425415039062 444.3179931640625 629.4486083984375
523.6776733398438 766.2745361328125 444.025146484375 655.6551513671875
523.6776733398438 766.2745361328125 444.025146484375 655.6551513671875
524.0801391601562 759.0694580078125 445.126220703125 649.966796875
524.6283569335938 424.4720458984375 443.0693359375 415.48345947265625
524.7372436523438 323.0063781738281 441.49676513671875 344.0417175292969
525.6389770507812 1033.9351806640625 448.6899108886719 840.008544921875
527.8887939453125 1024.6781005859375 450.2895202636719 833.9686279296875
527.9872436523438 1014.8370361328125 450.5824890136719 827.1627807617188
528.2929077148438 28.201608657836914 440.5748596191406 136.24301147460938
528.6871337890625 677.4583129882812 447.89453125 593.4856567382812
529.2100219726562 105.09728240966797 442.1166687011719 191.0985565185547
529.3838500976562 45.08841323852539 441.5340881347656 148.25186157226562
531.9494018554688 653.88330078125 449.1055603027344 574.04931640625
532.3877563476562 60.38795471191406 443.788330078125 158.3482666015625
535.4207153320312 1022.966064453125 455.48065185546875 833.4049682617188
535.5006713867188 664.9630737304688 452.1525573730469 584.5577392578125
536.2874145507812 746.1141967773438 453.18658447265625 641.5596923828125
538.4186401367188 623.287353515625 454.046875 555.219482421875
539.0304565429688 81.095703125 448.1271057128906 172.66981506347656
540.5281982421875 411.65545654296875 454.61663818359375 405.7734069824219
541.1911010742188 708.498291015625 456.4796142578125 615.3359375
541.3309936523438 703.29931640625 456.6285705566406 611.6663818359375
541.8339233398438 73.56144714355469 449.9933776855469 167.53155517578125
542.3328857421875 695.9945678710938 456.920654296875 606.484619140625
542.3880004882812 1024.4217529296875 460.249267578125 834.6873779296875
542.3880004882812 1024.4217529296875 460.249267578125 834.6873779296875
543.1106567382812 397.4752502441406 455.0395202636719 396.0914611816406
544.0764770507812 105.42584991455078 452.4297180175781 190.35833740234375
547.44384765625 1021.8828125 463.7667541503906 833.3545532226562
549.0108032226562 617.3499755859375 461.32391357421875 551.0535888671875
551.7305908203125 700.2747802734375 463.9218444824219 610.3178100585938
552.7984008789062 1116.87744140625 504.26837158203125 903.447509765625
552.7984008789062 1116.87744140625 504.26837158203125 903.447509765625
553.1217651367188 642.193115234375 463.9764709472656 568.5164794921875
554.4432983398438 421.6775207519531 463.1380615234375 413.0226135253906
555.218017578125 321.7057189941406 462.5738525390625 342.4007873535156
555.220703125 408.99951171875 463.53564453125 403.73638916015625
555.2230834960938 349.4039611816406 463.4047546386719 360.6873474121094
556.8560791015625 510.34295654296875 465.0885314941406 475.053466796875
560.8684692382812 340.7055358886719 468.1306457519531 355.7920227050781
562.7681884765625 709.3358764648438 472.0846252441406 611.895263671875
562.7681884765625 709.3358764648438 472.0846252441406 611.895263671875
563.2402954101562 409.1547546386719 469.01800537109375 403.8037414550781
564.996337890625 672.0780639648438 472.6662292480469 589.5968627929688
565.6599731445312 1023.0797119140625 476.2080078125 835.1761474609375
565.6599731445312 1023.0797119140625 476.2080078125 835.1761474609375
567.2078857421875 333.0762939453125 471.13214111328125 349.9779052734375
568.6878051757812 666.2235107421875 475.2515869140625 585.6716918945312
570.70361328125 657.7523193359375 476.3824157714844 580.2406616210938
570.9656982421875 887.5062255859375 478.8780212402344 740.744873046875
572.5836791992188 405.2168273925781 475.0218200683594 400.71319580078125
572.8712158203125 554.0799560546875 477.36480712890625 506.17596435546875
573.4697265625 1023.7357788085938 481.4288024902344 835.7108764648438
573.4697265625 1023.7357788085938 481.4288024902344 835.7108764648438
573.8350219726562 411.33660888671875 476.6424560546875 405.8894958496094
573.9752807617188 55.16802215576172 472.4242248535156 152.56326293945312
574.08251953125 412.1675109863281 476.6424560546875 405.8894958496094
574.4012451171875 670.9852905273438 478.9737548828125 589.388916015625
575.6007690429688 896.5695190429688 482.17333984375 747.232666015625
575.6834106445312 436.0072021484375 478.3342590332031 423.3299255371094
575.6834106445312 436.0072021484375 478.3342590332031 423.3299255371094
578.7472534179688 706.020751953125 481.9583740234375 613.835693359375
584.2584228515625 853.1922607421875 488.0042419433594 717.4344482421875
584.2584228515625 853.1922607421875 488.0042419433594 717.4344482421875
584.3173217773438 694.3226928710938 486.2477722167969 606.1830444335938
584.6917114257812 392.59759521484375 486.13641357421875 391.14263916015625
585.1839599609375 864.3933715820312 488.25811767578125 725.4736328125
585.7011108398438 392.5386962890625 486.13641357421875 391.14263916015625
586.32470703125 900.6465454101562 489.71807861328125 750.5658569335938
588.0634765625 984.1463012695312 491.1446838378906 809.1402587890625
591.8929443359375 386.04876708984375 489.0715026855469 386.98553466796875
592.1821899414062 666.0979614257812 491.058837890625 585.650146484375
593.6946411132812 959.9109497070312 495.0177001953125 792.6332397460938
594.4295043945312 796.2354736328125 494.3593444824219 677.4964599609375
594.8119506835938 1024.5048828125 496.4796447753906 837.666748046875
595.4429931640625 842.0553588867188 494.912109375 710.1392211914062
596.2879638671875 680.5784912109375 314.76959228515625 117.57479095458984
597.4595336914062 384.4932861328125 492.92059326171875 385.4733581542969
597.4595336914062 384.4932861328125 492.92059326171875 385.4733581542969
597.4745483398438 384.3537292480469 492.92059326171875 385.4733581542969
597.4745483398438 384.3537292480469 492.92059326171875 385.4733581542969
598.5858154296875 829.3455810546875 496.9140625 701.04150390625
599.3571166992188 687.6566162109375 496.045166015625 600.2844848632812
600.192138671875 1023.953125 500.1085205078125 838.094482421875
601.9013061523438 709.9717407226562 497.69525146484375 616.5889892578125
602.2579956054688 736.9215087890625 499.3094482421875 636.8884887695312
604.3721313476562 842.558837890625 501.21148681640625 710.6879272460938
604.954833984375 769.02880859375 501.3646545410156 658.6961059570312
606.2224731445312 540.8133544921875 500.65435791015625 496.9443359375
606.2224731445312 540.8133544921875 500.65435791015625 496.9443359375
607.4243774414062 752.0931396484375 503.02606201171875 647.40673828125
607.5919189453125 933.16796875 504.3091735839844 774.3519897460938
610.6035766601562 1025.0975341796875 507.05401611328125 839.0462036132812
610.74365234375 514.4738159179688 504.1125183105469 478.1491394042969
611.2637939453125 530.8369750976562 504.4505615234375 489.9750061035156
611.2637939453125 530.8369750976562 504.4505615234375 489.9750061035156
612.5513305664062 780.9215087890625 506.6957702636719 667.582275390625
612.5623168945312 546.1737670898438 505.24603271484375 500.73028564453125
613.3368530273438 521.64111328125 506.0215148925781 482.9041748046875
614.4680786132812 478.5268249511719 505.5035705566406 452.0238342285156
615.4303588867188 845.1668701171875 509.1756896972656 712.555419921875
616.0780639648438 488.8373107910156 507.2630920410156 458.97857666015625
616.2113037109375 788.7450561523438 509.2896728515625 672.9044189453125
616.2113037109375 788.7450561523438 509.2896728515625 672.9044189453125
617.5494384765625 863.1333618164062 511.1462097167969 725.2272338867188
618.262939453125 987.622314453125 512.4989013671875 812.96923828125
618.58837890625 949.9190673828125 511.94964599609375 784.6385498046875
618.58837890625 949.9190673828125 511.94964599609375 784.6385498046875
619.1400146484375 557.2900390625 511.3063659667969 508.2434997558594
619.522216796875 851.99169921875 512.270751953125 717.5557861328125
620.4087524414062 443.5577392578125 509.70098876953125 428.15411376953125
623.8033447265625 518.0220336914062 513.1543579101562 480.3232116699219
625.209228515625 806.4044799804688 515.7860717773438 686.4996948242188
625.3480834960938 776.839111328125 515.1674194335938 664.8868408203125
625.3480834960938 776.839111328125 515.1674194335938 664.8868408203125
626.8071899414062 740.2783813476562 516.3624877929688 639.654296875
627.0238037109375 468.5863037109375 514.8499755859375 445.27764892578125
627.0238037109375 468.5863037109375 514.8499755859375 445.27764892578125
628.9718017578125 751.5286254882812 517.9049682617188 647.0006713867188
630.0665893554688 768.6748046875 519.6967163085938 659.1022338867188
630.232666015625 833.0870361328125 520.5759887695312 704.2088012695312
631.1786499023438 1023.046875 521.8809204101562 838.9696044921875
631.1786499023438 1023.046875 521.8809204101562 838.9696044921875
631.8572387695312 459.2559814453125 518.8849487304688 438.25982666015625
632.2567749023438 1002.0615844726562 521.62451171875 823.9589233398438
632.621337890625 159.8344268798828 189.74485778808594 64.96656036376953
634.9093017578125 759.0157470703125 521.9556274414062 652.2410888671875
634.9093017578125 759.0157470703125 521.9556274414062 652.2410888671875
635.5250244140625 1019.7056274414062 524.8558349609375 836.6939697265625
639.3450317382812 471.8140869140625 523.775634765625 446.9909362792969
639.9151611328125 459.1546936035156 523.8638305664062 438.064697265625
640.5332641601562 766.2308959960938 526.0802001953125 657.3307495117188
640.9098510742188 844.960693359375 526.7367553710938 713.2610473632812
642.3841552734375 1023.4500732421875 529.76953125 839.8016967773438
644.021728515625 466.3382568359375 526.6788330078125 443.00213623046875
644.0947265625 466.0927429199219 526.6788330078125 443.00213623046875
644.26416015625 430.7378234863281 525.8373413085938 418.35760498046875
644.26416015625 430.7378234863281 525.8373413085938 418.35760498046875
645.00146484375 792.2431030273438 530.0679931640625 675.7303466796875
645.2208862304688 454.9781494140625 527.4136962890625 434.3958435058594
646.2347412109375 443.03167724609375 527.9119262695312 426.77215576171875
648.9766235351562 984.7080078125 533.9547119140625 812.5657348632812
649.68505859375 462.0056457519531 530.7034301757812 440.4690246582031
651.182861328125 434.3086242675781 531.178466796875 420.434326171875
653.8358154296875 483.67120361328125 536.0767822265625 456.0317687988281
655.0680541992188 990.006103515625 550.015869140625 716.0153198242188
655.0680541992188 990.006103515625 550.015869140625 716.0153198242188
657.0185546875 958.7131958007812 541.9297485351562 795.9470825195312
661.111572265625 985.8009643554688 542.8274536132812 813.8993530273438
661.7772827148438 452.3038635253906 538.93896484375 433.0621032714844
667.2097778320312 850.70947265625 545.7110595703125 718.1815795898438
672.4149780273438 877.047119140625 549.4012451171875 736.7200927734375
681.34326171875 956.2359619140625 556.4985961914062 792.6456298828125
682.2153930664062 831.7268676757812 553.785400390625 704.6829833984375
682.9069213867188 960.1009521484375 556.4985961914062 792.6456298828125
696.6693115234375 1023.9740600585938 568.326416015625 843.2779541015625
696.9053955078125 943.5838623046875 568.9674682617188 787.2200927734375
700.3529052734375 837.4561767578125 568.9338989257812 709.9757690429688
707.9931640625 887.5369262695312 575.2960205078125 745.4219360351562
710.3012084960938 852.1322631835938 576.538330078125 720.3817138671875
713.631103515625 828.2081909179688 578.4432373046875 703.578857421875
717.31689453125 1023.9305419921875 583.2581787109375 844.6143188476562
717.31689453125 1023.9305419921875 583.2581787109375 844.6143188476562
719.4071655273438 1023.8673095703125 584.8980712890625 844.7166137695312
720.4638061523438 955.8306884765625 576.874267578125 763.3833618164062
757.8388061523438 976.1483764648438 612.1202392578125 812.2236938476562
763.7122802734375 1115.6080322265625 504.26837158203125 903.447509765625
763.7122802734375 1115.6080322265625 504.26837158203125 903.447509765625
773.0885620117188 1011.3441162109375 623.8673095703125 838.771728515625
773.0885620117188 1011.3441162109375 623.8673095703125 838.771728515625
775.180908203125 1063.627685546875 626.3291015625 877.4461059570312
793.844970703125 800.7188720703125 636.32177734375 685.5807495117188
795.8817749023438 821.2289428710938 638.1941528320312 701.3206176757812
796.9476318359375 821.4613647460938 638.1941528320312 701.3206176757812
798.9376831054688 797.4978637695312 640.64697265625 684.23291015625
805.549072265625 259.359619140625 641.4744262695312 287.6585388183594
