51.03972244262695 1117.7904052734375 535.2989501953125 981.3427734375
67.01089477539062 418.3602294921875 172.9980926513672 422.61431884765625
76.20399475097656 723.6221313476562 181.74658203125 608.82421875
110.13867950439453 1117.1217041015625 159.2806396484375 571.7793579101562
110.13867950439453 1117.1217041015625 535.2989501953125 981.3427734375
197.1204071044922 789.4639282226562 228.55020141601562 655.5516357421875
201.44113159179688 534.3908081054688 225.30674743652344 491.7130126953125
208.36434936523438 540.6136474609375 228.59210205078125 496.0863037109375
211.92318725585938 497.8608093261719 229.43675231933594 467.89654541015625
214.06178283691406 529.2472534179688 231.01077270507812 488.61102294921875
240.82640075683594 754.3592529296875 245.61354064941406 635.6456298828125
255.6639404296875 721.9918823242188 251.09397888183594 617.2639770507812
297.7018127441406 809.1980590820312 270.5936279296875 676.7503051757812
306.3131408691406 827.9906005859375 274.3052978515625 691.7300415039062
313.7159423828125 111.0858154296875 264.2945251464844 202.51470947265625
325.56817626953125 150.04672241210938 372.5804138183594 197.47445678710938
333.51837158203125 1006.1113891601562 285.1075744628906 812.3002319335938
344.98712158203125 395.93377685546875 283.97991943359375 394.8397521972656
347.6682434082031 1035.7156982421875 294.5672912597656 834.5748901367188
349.86578369140625 581.2132568359375 290.0899353027344 522.64013671875
361.88031005859375 573.6779174804688 295.5718078613281 517.2174682617188
368.3970642089844 1032.075439453125 305.2218017578125 834.4105224609375
375.9624938964844 1063.9644775390625 310.0627746582031 859.4862060546875
377.1834716796875 431.4344177246094 299.361328125 418.1159973144531
377.8583068847656 1023.8528442382812 310.48193359375 832.5846557617188
377.8764953613281 564.1561279296875 302.2968444824219 511.7658996582031
378.4136657714844 478.0418701171875 310.5633544921875 387.6311950683594
378.862060546875 392.9428405761719 299.7804260253906 391.37933349609375
379.85296630859375 677.4287719726562 304.845458984375 590.5957641601562
382.1704406738281 617.5155029296875 304.6363220214844 548.7656860351562
382.1704406738281 617.5155029296875 304.6363220214844 548.7656860351562
385.6708679199219 678.9246215820312 307.654541015625 592.0286254882812
385.6708679199219 678.9246215820312 307.654541015625 592.0286254882812
390.67974853515625 1118.344970703125 535.0753784179688 984.0077514648438
402.8893737792969 560.1085815429688 316.5572509765625 509.58660888671875
411.05218505859375 495.8834533691406 318.49542236328125 463.29803466796875
425.184326171875 425.64599609375 323.1028137207031 416.7268371582031
435.49053955078125 145.38241577148438 321.5982971191406 208.43096923828125
444.8241271972656 367.943359375 331.297119140625 368.2494812011719
447.9788818359375 471.3695068359375 334.67962646484375 443.6447448730469
456.5997009277344 623.6799926757812 341.8304748535156 554.416015625
462.7689208984375 768.7268676757812 346.90386962890625 661.0546264648438
463.1107482910156 1033.888427734375 352.11907958984375 852.3320922851562
477.2521667480469 328.67706298828125 346.723388671875 337.3279113769531
482.83392333984375 148.88565063476562 372.5804138183594 197.47445678710938
487.7450256347656 785.416748046875 359.74456787109375 674.5852661132812
493.214111328125 830.6748657226562 363.7900390625 708.6959228515625
495.9943542480469 384.02838134765625 361.39752197265625 372.8023681640625
514.0545654296875 673.7553100585938 371.9902648925781 593.486572265625
514.2305297851562 311.7490234375 369.9349060058594 321.6084899902344
515.2109375 1049.80712890625 379.49560546875 873.6323852539062
515.268798828125 1050.9102783203125 379.49560546875 873.6323852539062
515.973876953125 147.81503295898438 362.41693115234375 197.89971923828125
516.5625610351562 424.0727844238281 369.337890625 405.53631591796875
521.836181640625 147.84170532226562 365.85565185546875 196.87767028808594
524.6283569335938 424.4720458984375 374.0206604003906 405.3408508300781
524.7372436523438 323.0063781738281 371.27618408203125 328.674560546875
528.0121459960938 393.29522705078125 374.6764221191406 381.653076171875
529.3838500976562 45.08841323852539 367.138671875 117.29779052734375
529.9034423828125 968.0697021484375 387.5497131347656 814.9506225585938
533.5067749023438 395.8199157714844 378.19537353515625 383.2550354003906
535.5006713867188 664.9630737304688 383.5061950683594 587.8079223632812
536.878662109375 40.41899490356445 371.9732360839844 112.49755096435547
537.6552734375 1020.0640869140625 773.97705078125 612.885986328125
537.6552734375 1020.0640869140625 773.97705078125 612.885986328125
538.4186401367188 623.287353515625 384.4933166503906 555.73828125
540.3438110351562 411.74560546875 381.4089050292969 395.1136779785156
544.0764770507812 105.42584991455078 376.83917236328125 161.69461059570312
549.0108032226562 617.3499755859375 390.5257873535156 550.7025756835938
549.0266723632812 695.9102783203125 391.188232421875 611.7701416015625
554.4432983398438 421.6775207519531 389.7095031738281 401.7430419921875
555.1480102539062 329.92254638671875 387.83184814453125 331.0690612792969
555.218017578125 321.7057189941406 387.59686279296875 324.7800598144531
555.220703125 408.99951171875 390.3556823730469 391.46624755859375
558.9154052734375 371.26824951171875 391.5880126953125 362.28521728515625
562.7020874023438 402.3995056152344 395.42584228515625 386.8738098144531
563.3722534179688 390.96417236328125 394.5766296386719 380.0734558105469
564.996337890625 672.0780639648438 399.85302734375 594.1892700195312
568.6615600585938 344.3203430175781 395.8244323730469 340.95263671875
570.70361328125 657.7523193359375 402.94757080078125 583.9178466796875
570.9656982421875 887.5062255859375 408.37200927734375 760.24169921875
571.844970703125 408.65228271484375 399.689208984375 390.53790283203125
574.4012451171875 670.9852905273438 405.0248718261719 593.2944946289062
575.6007690429688 896.5695190429688 411.2550048828125 766.507568359375
575.6834106445312 436.0072021484375 401.53863525390625 409.9852294921875
575.6834106445312 436.0072021484375 401.53863525390625 409.9852294921875
578.7472534179688 706.020751953125 408.04840087890625 622.197021484375
578.85205078125 72.56058502197266 393.41119384765625 122.4738998413086
581.3065185546875 657.3544311523438 410.083251953125 583.1520385742188
585.7011108398438 392.5386962890625 407.7265930175781 377.1143493652344
585.7011108398438 392.5386962890625 407.7265930175781 377.1143493652344
586.32470703125 900.6465454101562 417.9375305175781 770.2632446289062
592.1821899414062 666.0979614257812 416.2364501953125 591.582275390625
594.4295043945312 796.2354736328125 418.9222106933594 693.7471923828125
595.4429931640625 842.0553588867188 420.6296081542969 728.5291748046875
597.4595336914062 384.4932861328125 414.2091979980469 369.5244445800781
597.4745483398438 384.3537292480469 414.2091979980469 369.5244445800781
601.9013061523438 709.9717407226562 422.291015625 625.360107421875
602.2579956054688 736.9215087890625 423.0899963378906 647.1643676757812
602.3805541992188 548.8300170898438 420.7239990234375 499.301513671875
604.3721313476562 842.558837890625 425.90411376953125 729.4788818359375
606.2224731445312 540.8133544921875 422.524169921875 492.7402038574219
607.4243774414062 752.0931396484375 426.3894958496094 658.2498168945312
608.9548950195312 416.5392150878906 420.9041748046875 394.64825439453125
610.74365234375 514.4738159179688 424.6245422363281 471.7855529785156
611.2637939453125 530.8369750976562 425.27227783203125 484.37091064453125
612.5623168945312 546.1737670898438 426.59490966796875 496.5605163574219
613.3368530273438 521.64111328125 426.3666687011719 477.4027404785156
615.104736328125 421.4382019042969 425.3356628417969 397.7400207519531
616.0780639648438 488.8373107910156 427.3460388183594 449.6418151855469
616.5951538085938 741.2985229492188 431.46893310546875 650.9994506835938
617.5494384765625 863.1333618164062 433.9360656738281 747.4520263671875
618.58837890625 949.9190673828125 436.2110900878906 812.001708984375
619.522216796875 851.99169921875 434.69482421875 738.3368530273438
623.8033447265625 518.0220336914062 432.5852355957031 474.00177001953125
626.7192993164062 854.05908203125 439.859130859375 740.302001953125
626.8071899414062 740.2783813476562 437.5142822265625 651.984619140625
628.7141723632812 749.001220703125 438.05511474609375 658.0302124023438
633.486572265625 526.8570556640625 439.7680358886719 478.57891845703125
634.9093017578125 759.0157470703125 442.2973937988281 666.1123657226562
634.9093017578125 759.0157470703125 442.2973937988281 666.1123657226562
639.9151611328125 459.1546936035156 441.29833984375 426.6022644042969
641.2694091796875 469.6767272949219 442.2797546386719 435.1172790527344
642.3841552734375 1023.4500732421875 452.6040344238281 877.3380126953125
644.26416015625 430.7378234863281 443.708984375 402.96771240234375
644.26416015625 430.7378234863281 443.708984375 402.96771240234375
645.2208862304688 454.9781494140625 444.54608154296875 422.76934814453125
647.3963623046875 974.2744140625 477.85748291015625 759.5872802734375
648.9766235351562 984.7080078125 471.7101135253906 745.1807861328125
648.9766235351562 984.7080078125 471.7101135253906 745.1807861328125
649.15087890625 877.1714477539062 453.12384033203125 756.509033203125
651.182861328125 434.3086242675781 447.2201843261719 406.6764221191406
653.8358154296875 483.67120361328125 453.58447265625 445.2812805175781
657.0185546875 958.7131958007812 463.6396789550781 831.3502807617188
661.111572265625 985.8009643554688 464.4306335449219 743.1152954101562
661.111572265625 985.8009643554688 464.4306335449219 743.1152954101562
661.7772827148438 452.3038635253906 455.46435546875 419.5616455078125
672.4149780273438 877.047119140625 467.8613586425781 763.4707641601562
672.6033325195312 460.1250915527344 478.6971435546875 198.9340362548828
678.5476684570312 852.1217041015625 471.7101135253906 745.1807861328125
678.5476684570312 852.1217041015625 471.7101135253906 745.1807861328125
679.8981323242188 1025.142822265625 476.0274353027344 886.1795043945312
696.6693115234375 1023.9740600585938 486.9955749511719 888.7573852539062
700.3529052734375 837.4561767578125 483.87237548828125 735.8187866210938
707.9931640625 887.5369262695312 491.83465576171875 780.0302124023438
713.631103515625 828.2081909179688 493.4127197265625 730.4866333007812
717.31689453125 1023.9305419921875 499.4454040527344 893.0247192382812
757.6119384765625 1023.0015258789062 540.0116577148438 940.9556884765625
763.7122802734375 1115.6080322265625 535.0753784179688 984.0077514648438
769.0948486328125 1112.1304931640625 535.2989501953125 981.3427734375
775.57080078125 1007.2986450195312 539.8731689453125 891.8407592773438
779.9786987304688 1067.544921875 543.5525512695312 945.8260498046875
793.844970703125 800.7188720703125 546.8544311523438 716.4075317382812
796.9476318359375 821.4613647460938 548.0249633789062 733.2588500976562
798.9376831054688 797.4978637695312 550.65771484375 713.5805053710938
805.549072265625 259.359619140625 545.6019287109375 242.554931640625
