6.4054436683654785 1031.0035400390625 202.26148986816406 36.56761169433594
22.117887496948242 369.5858154296875 243.53997802734375 729.9669189453125
25.980300903320312 582.951904296875 592.494873046875 942.2015380859375
31.321731567382812 348.43096923828125 217.88525390625 380.0379333496094
31.538455963134766 421.55267333984375 69.4985580444336 320.9376220703125
37.587947845458984 470.2135314941406 235.03402709960938 65.84025573730469
39.95273971557617 853.4857788085938 371.4421081542969 916.8267822265625
40.8524055480957 1120.957275390625 769.4967651367188 605.42919921875
47.900665283203125 271.125 402.362060546875 95.96956634521484
51.03972244262695 1117.7904052734375 517.405029296875 1020.9766845703125
55.05768585205078 1117.606689453125 517.405029296875 1020.9766845703125
55.29110336303711 260.3246154785156 227.83245849609375 237.32333374023438
90.49150848388672 1117.27734375 517.405029296875 1020.9766845703125
102.83027648925781 1120.089111328125 520.2003784179688 1026.05224609375
102.83027648925781 1120.089111328125 520.2003784179688 1026.05224609375
110.13867950439453 1117.1217041015625 517.405029296875 1020.9766845703125
112.98131561279297 1120.0570068359375 520.2003784179688 1026.05224609375
112.98131561279297 1120.0570068359375 520.2003784179688 1026.05224609375
120.00189971923828 872.41259765625 238.9678192138672 672.9513549804688
120.69868469238281 1117.4503173828125 517.405029296875 1020.9766845703125
120.83931732177734 871.05517578125 238.9678192138672 672.9513549804688
125.16041564941406 934.4525756835938 213.53988647460938 21.52893829345703
129.0126495361328 975.8833618164062 55.34380340576172 468.93170166015625
129.34979248046875 206.42613220214844 243.81820678710938 213.7964324951172
131.57089233398438 208.08685302734375 416.9244689941406 706.19482421875
139.2635498046875 790.4207763671875 367.6939392089844 265.17071533203125
148.41256713867188 1028.222412109375 839.0672607421875 743.512939453125
155.03805541992188 1029.298583984375 474.28863525390625 906.1017456054688
155.03805541992188 1029.298583984375 474.28863525390625 906.1017456054688
156.64688110351562 71.99453735351562 360.4263916015625 34.66628646850586
166.04965209960938 1029.0484619140625 452.94805908203125 894.85888671875
177.4833984375 1026.045166015625 428.056396484375 882.4389038085938
182.3881378173828 853.5142822265625 457.2112731933594 857.0675048828125
182.57461547851562 188.54881286621094 253.8258056640625 702.1361083984375
183.5758056640625 916.9169311523438 457.2112731933594 857.0675048828125
185.2508087158203 185.78114318847656 7.720846176147461 1034.0269775390625
185.9967803955078 962.7595825195312 778.3007202148438 614.4676513671875
188.57398986816406 989.8367919921875 9.353525161743164 542.29150390625
190.0714569091797 864.9187622070312 466.435302734375 843.8969116210938
193.55874633789062 981.4614868164062 344.1014404296875 500.42236328125
196.62884521484375 790.2943115234375 261.1386413574219 625.6497192382812
197.1204071044922 789.4639282226562 261.1386413574219 625.6497192382812
197.84188842773438 971.579345703125 466.435302734375 843.8969116210938
205.6581573486328 176.14561462402344 281.3917236328125 740.0743408203125
210.78427124023438 509.17681884765625 434.6935119628906 371.44305419921875
211.92318725585938 497.8608093261719 260.796630859375 425.8666076660156
212.65835571289062 1119.570556640625 520.2003784179688 1026.05224609375
213.58428955078125 779.9085083007812 357.6045837402344 418.657958984375
214.32443237304688 974.4825439453125 767.8915405273438 694.822021484375
219.95687866210938 1026.7215576171875 285.1987609863281 800.3450317382812
226.97071838378906 856.3984985351562 468.77325439453125 96.12547302246094
232.53359985351562 1119.417724609375 520.2003784179688 1026.05224609375
237.77432250976562 778.9255981445312 273.19549560546875 616.9664916992188
240.82640075683594 754.3592529296875 434.6461486816406 809.1641845703125
240.8706512451172 1028.218994140625 459.3601379394531 897.7164916992188
241.97738647460938 149.06813049316406 343.21356201171875 514.9923706054688
241.9921875 456.4256896972656 331.3291320800781 475.6214294433594
251.2814178466797 1027.9544677734375 826.8973999023438 628.3367919921875
254.56643676757812 888.617431640625 212.9871368408203 25.97178840637207
255.6639404296875 721.9918823242188 278.3792724609375 587.5493774414062
261.54058837890625 683.5611572265625 254.4753875732422 727.3453979492188
265.5994873046875 1030.6220703125 428.056396484375 882.4389038085938
266.9026794433594 162.8644561767578 368.23004150390625 111.5167007446289
266.9026794433594 162.8644561767578 380.91693115234375 105.29608917236328
267.8915710449219 837.7098388671875 284.1809387207031 672.8368530273438
271.6594543457031 667.0626831054688 300.810546875 491.5232238769531
272.2180480957031 691.4210205078125 427.85888671875 750.3091430664062
273.88153076171875 712.0142822265625 455.961669921875 827.9182739257812
278.1861267089844 673.3322143554688 298.50482177734375 808.680419921875
279.4858703613281 1025.71484375 809.38720703125 624.3983154296875
283.8414306640625 1024.52734375 329.5433349609375 424.25567626953125
284.4195556640625 128.4034423828125 457.2112731933594 857.0675048828125
288.3700866699219 1025.5 306.13494873046875 458.1436767578125
300.3866271972656 648.2420043945312 342.78424072265625 816.0216674804688
301.2845764160156 605.1435546875 367.6939392089844 265.17071533203125
302.3314514160156 851.743408203125 447.0367431640625 855.6361083984375
304.0677185058594 868.3522338867188 413.1999206542969 635.3855590820312
306.3131408691406 827.9906005859375 296.36322021484375 667.4299926757812
307.0421142578125 564.444580078125 362.40869140625 690.8699340820312
309.4368591308594 911.427734375 298.9336853027344 725.1278686523438
310.9015808105469 562.95166015625 370.6302795410156 264.9219970703125
313.5368347167969 982.8479614257812 457.2112731933594 857.0675048828125
313.7159423828125 111.0858154296875 286.02252197265625 132.26576232910156
315.8902893066406 994.60791015625 443.92669677734375 380.0955505371094
316.42523193359375 1028.1185302734375 826.8973999023438 628.3367919921875
317.407470703125 153.7337646484375 380.91693115234375 105.29608917236328
318.8870849609375 986.7566528320312 9.353525161743164 542.29150390625
325.56817626953125 150.04672241210938 280.0779724121094 697.8994750976562
334.1402282714844 457.4884033203125 350.58984375 362.5196838378906
343.4393005371094 994.7439575195312 344.1014404296875 500.42236328125
355.6665344238281 1034.9451904296875 315.0428466796875 823.4754638671875
361.88031005859375 573.6779174804688 311.8981628417969 478.4451904296875
368.3970642089844 1032.075439453125 307.6165466308594 416.0938415527344
369.2063293457031 147.85140991210938 339.3387145996094 127.04061126708984
371.91717529296875 604.0084838867188 446.4208679199219 849.1727905273438
377.4905090332031 981.1890869140625 482.54718017578125 864.0088500976562
378.31512451171875 147.48159790039062 368.23004150390625 111.5167007446289
382.1704406738281 617.5155029296875 319.4056091308594 512.8673095703125
383.65289306640625 146.63275146484375 368.23004150390625 111.5167007446289
388.0091247558594 695.0244140625 323.9769592285156 399.708251953125
388.5106201171875 146.89431762695312 368.23004150390625 111.5167007446289
388.9699401855469 466.90643310546875 321.0099182128906 405.13214111328125
390.67974853515625 1118.344970703125 520.2003784179688 1026.05224609375
390.67974853515625 1118.344970703125 520.2003784179688 1026.05224609375
391.1683044433594 1022.6648559570312 428.056396484375 882.4389038085938
396.68426513671875 476.1540222167969 395.1400451660156 328.24658203125
397.4458312988281 68.11428833007812 366.78228759765625 548.0090942382812
399.96563720703125 1115.380615234375 517.405029296875 1020.9766845703125
402.1708068847656 663.6845703125 367.6939392089844 265.17071533203125
405.6555480957031 375.7691650390625 367.6939392089844 265.17071533203125
407.66802978515625 1118.51025390625 520.2003784179688 1026.05224609375
411.05218505859375 495.8834533691406 329.5433349609375 424.25567626953125
411.0846252441406 1042.5692138671875 452.94805908203125 894.85888671875
411.7191467285156 1118.5518798828125 520.2003784179688 1026.05224609375
411.7191467285156 1118.5518798828125 520.2003784179688 1026.05224609375
412.6333923339844 569.6974487304688 331.3291320800781 475.6214294433594
417.1341552734375 992.5045166015625 506.8072814941406 137.47509765625
420.9207458496094 571.0243530273438 16.16494369506836 893.1578369140625
423.1584777832031 145.89292907714844 380.91693115234375 105.29608917236328
426.34869384765625 546.0374755859375 437.9742736816406 713.151123046875
426.52838134765625 555.3045654296875 337.932861328125 327.9582214355469
428.08599853515625 980.4157104492188 51.76931381225586 455.6522521972656
431.43035888671875 145.70281982421875 368.23004150390625 111.5167007446289
441.1585388183594 306.8341979980469 367.6939392089844 265.17071533203125
441.57855224609375 549.5824584960938 277.3689880371094 666.4790649414062
446.2908020019531 1038.8489990234375 420.0476379394531 443.6854248046875
456.5997009277344 623.6799926757812 349.435546875 519.3345336914062
458.6886901855469 509.5679016113281 436.55999755859375 692.9961547851562
466.96142578125 608.10888671875 433.6887512207031 654.764892578125
469.13616943359375 145.93287658691406 368.23004150390625 111.5167007446289
476.44122314453125 93.04761505126953 40.390010833740234 491.8009338378906
477.2521667480469 328.67706298828125 353.8725280761719 274.45330810546875
481.67279052734375 833.0052490234375 362.40869140625 690.8699340820312
483.5693054199219 1028.150390625 428.056396484375 882.4389038085938
484.8124084472656 805.953369140625 52.440589904785156 461.5100402832031
485.1264953613281 1112.4366455078125 68.0139389038086 502.7267150878906
486.8485412597656 509.85040283203125 533.0231323242188 709.3626708984375
491.0989990234375 146.62362670898438 368.23004150390625 111.5167007446289
491.1791687011719 12.576934814453125 306.13494873046875 458.1436767578125
494.961669921875 1093.4425048828125 371.6076354980469 904.0448608398438
495.0589904785156 441.40771484375 350.58984375 362.5196838378906
495.9943542480469 384.02838134765625 367.755126953125 311.07171630859375
503.4508972167969 998.8292846679688 335.57763671875 461.4936828613281
504.3341064453125 147.0306396484375 368.23004150390625 111.5167007446289
506.68096923828125 895.1046142578125 376.3273620605469 745.9031982421875
509.9861145019531 679.1766357421875 372.88055419921875 567.5531005859375
509.9861145019531 679.1766357421875 372.88055419921875 567.5531005859375
510.3611755371094 609.472900390625 366.7767639160156 502.25994873046875
513.3245849609375 426.9735107421875 371.1542663574219 353.8701477050781
515.2109375 1049.80712890625 240.86651611328125 744.9390258789062
515.973876953125 147.81503295898438 380.91693115234375 105.29608917236328
516.5625610351562 424.0727844238281 369.22210693359375 350.79522705078125
521.7908935546875 727.8036499023438 378.52874755859375 608.802734375
521.836181640625 147.84170532226562 371.54058837890625 109.9028091430664
524.6283569335938 424.4720458984375 376.0867919921875 350.49932861328125
524.9761352539062 389.03936767578125 373.9812316894531 322.8182373046875
525.0301513671875 389.25946044921875 373.9812316894531 322.8182373046875
528.0121459960938 393.29522705078125 376.52984619140625 323.2484436035156
529.9034423828125 968.0697021484375 388.1443786621094 810.2761840820312
532.3877563476562 60.38795471191406 371.61968994140625 31.35927963256836
533.0907592773438 1020.1390991210938 769.4967651367188 605.42919921875
533.5067749023438 395.8199157714844 379.6611633300781 325.0105895996094
537.2865600585938 373.3654479980469 517.405029296875 1020.9766845703125
537.6552734375 1020.0640869140625 770.5697631835938 596.9202880859375
537.6552734375 1020.0640869140625 770.5697631835938 596.9202880859375
540.5281982421875 411.65545654296875 382.0269775390625 338.04302978515625
541.0448608398438 145.90553283691406 280.0779724121094 697.8994750976562
542.3880004882812 1024.4217529296875 826.8973999023438 628.3367919921875
543.0963134765625 148.34617614746094 380.91693115234375 105.29608917236328
547.1707763671875 622.9258422851562 27.72121810913086 975.0270385742188
547.6959228515625 553.3982543945312 264.97235107421875 848.6631469726562
552.7984008789062 1116.87744140625 520.2003784179688 1026.05224609375
552.7984008789062 1116.87744140625 520.2003784179688 1026.05224609375
553.3394165039062 149.125244140625 380.91693115234375 105.29608917236328
558.0401611328125 149.16970825195312 380.91693115234375 105.29608917236328
562.7020874023438 402.3995056152344 395.1400451660156 328.24658203125
564.7142944335938 146.26535034179688 478.82598876953125 782.355224609375
567.2078857421875 333.0762939453125 394.4119567871094 266.8263244628906
569.9391479492188 46.461429595947266 401.5248107910156 62.376220703125
573.6094970703125 988.6041870117188 202.26148986816406 36.56761169433594
573.8350219726562 411.33660888671875 398.9974365234375 332.011962890625
573.9752807617188 55.16802215576172 394.033935546875 24.94525909423828
574.0808715820312 523.404296875 197.72024536132812 122.02079010009766
574.4012451171875 670.9852905273438 402.1285705566406 562.7844848632812
575.6007690429688 896.5695190429688 420.2304382324219 719.3675537109375
575.6834106445312 436.0072021484375 399.822021484375 351.043701171875
575.6834106445312 436.0072021484375 399.822021484375 351.043701171875
577.5982055664062 502.60498046875 240.86651611328125 744.9390258789062
578.0103759765625 911.4506225585938 261.35406494140625 744.618896484375
581.2074584960938 971.826904296875 344.1014404296875 500.42236328125
581.3065185546875 657.3544311523438 405.062744140625 552.5072631835938
583.042724609375 879.5462646484375 261.35406494140625 744.618896484375
583.7500610351562 736.1781616210938 212.4934844970703 81.75978088378906
584.3153076171875 365.4278869628906 317.09014892578125 516.2890625
584.3173217773438 694.3226928710938 407.5398254394531 584.8043823242188
586.8792724609375 992.7341918945312 412.4346618652344 843.3880615234375
589.487060546875 636.696533203125 410.15093994140625 534.5113525390625
591.0462036132812 621.4447631835938 371.6076354980469 904.0448608398438
591.8929443359375 386.04876708984375 408.0093994140625 309.80389404296875
592.5771484375 115.34213256835938 401.5248107910156 62.376220703125
595.4429931640625 842.0553588867188 415.94482421875 718.2754516601562
597.7164306640625 142.13694763183594 59.911190032958984 382.2540588378906
604.4065551757812 896.2855224609375 394.4119567871094 266.8263244628906
605.833251953125 533.585693359375 417.0473327636719 442.1023254394531
607.4243774414062 752.0931396484375 418.1827697753906 626.8395385742188
608.9548950195312 416.5392150878906 415.9696350097656 334.8969421386719
610.8336791992188 789.8682861328125 412.9842224121094 291.0869445800781
611.2637939453125 530.8369750976562 420.1543884277344 438.322509765625
611.3535766601562 472.18536376953125 418.5834045410156 385.5552062988281
612.5623168945312 546.1737670898438 264.97235107421875 848.6631469726562
614.4680786132812 478.5268249511719 420.63067626953125 390.6291809082031
616.5951538085938 741.2985229492188 425.2860107421875 631.1268920898438
617.2896728515625 427.33624267578125 293.813720703125 639.9185180664062
619.6932373046875 714.102783203125 432.8658752441406 621.3275756835938
620.4087524414062 443.5577392578125 423.8665771484375 357.4176330566406
623.8033447265625 518.0220336914062 427.05499267578125 426.570556640625
625.3480834960938 776.839111328125 430.96588134765625 664.5084228515625
627.0238037109375 468.5863037109375 218.99285888671875 851.9074096679688
632.4696655273438 753.2434692382812 776.899169921875 600.5576171875
632.4882202148438 791.6624755859375 404.1883239746094 424.9989929199219
637.9749145507812 969.9198608398438 448.3180236816406 765.3597412109375
640.5332641601562 766.2308959960938 431.5531311035156 852.4507446289062
644.26416015625 430.7378234863281 436.1655578613281 344.73016357421875
644.26416015625 430.7378234863281 436.1655578613281 344.73016357421875
647.3963623046875 974.2744140625 461.48223876953125 835.0673217773438
649.0927734375 845.0729370117188 468.77325439453125 96.12547302246094
652.766357421875 882.3933715820312 466.435302734375 843.8969116210938
657.0185546875 958.7131958007812 453.3046875 837.22119140625
667.2097778320312 850.70947265625 826.8973999023438 628.3367919921875
672.4536743164062 855.9880981445312 404.1883239746094 424.9989929199219
678.40087890625 893.1959228515625 592.8494873046875 1104.6046142578125
681.34326171875 956.2359619140625 466.435302734375 843.8969116210938
696.6693115234375 1023.9740600585938 474.28863525390625 906.1017456054688
700.3529052734375 837.4561767578125 471.832763671875 730.79638671875
707.9931640625 887.5369262695312 9.353525161743164 542.29150390625
717.31689453125 1023.9305419921875 483.336669921875 911.8526611328125
720.4638061523438 955.8306884765625 468.77325439453125 96.12547302246094
729.7083129882812 215.36256408691406 79.5279769897461 565.9089965820312
743.5215454101562 384.4771423339844 97.70423889160156 1017.4021606445312
748.4266967773438 220.04043579101562 235.03402709960938 65.84025573730469
756.5430908203125 986.501708984375 533.0231323242188 709.3626708984375
757.6119384765625 1023.0015258789062 532.876220703125 717.4699096679688
757.6119384765625 1023.0015258789062 532.876220703125 717.4699096679688
757.8388061523438 976.1483764648438 509.30047607421875 879.4075927734375
759.39599609375 1032.4466552734375 429.29229736328125 879.747314453125
759.6934204101562 989.3963623046875 509.5147399902344 936.8090209960938
763.7122802734375 1115.6080322265625 520.2003784179688 1026.05224609375
763.7122802734375 1115.6080322265625 520.2003784179688 1026.05224609375
769.0948486328125 1112.1304931640625 517.405029296875 1020.9766845703125
769.0948486328125 1112.1304931640625 517.405029296875 1020.9766845703125
772.0327758789062 1055.8968505859375 509.5147399902344 936.8090209960938
773.0885620117188 1011.3441162109375 520.329833984375 921.4678955078125
773.0885620117188 1011.3441162109375 520.329833984375 921.4678955078125
773.0885620117188 1011.3441162109375 520.329833984375 921.4678955078125
776.0719604492188 326.3616027832031 506.8072814941406 137.47509765625
778.9177856445312 301.504150390625 288.0629577636719 669.1428833007812
798.9376831054688 797.4978637695312 533.0231323242188 709.3626708984375
800.10400390625 1115.621337890625 761.4951782226562 581.6860961914062
805.549072265625 259.359619140625 532.5287475585938 140.21707153320312
836.8898315429688 23.572214126586914 47.408180236816406 544.4324340820312
