14.56098747253418 89.51825714111328 458.11328125 811.4779052734375
20.18303108215332 297.0289001464844 458.11328125 811.4779052734375
31.876333236694336 670.220703125 203.8231201171875 720.4502563476562
31.878582000732422 358.6603088378906 161.5561065673828 399.55108642578125
33.1811637878418 759.1868896484375 458.11328125 811.4779052734375
37.53365707397461 300.50518798828125 187.15786743164062 294.9693298339844
50.72962188720703 250.39146423339844 355.1716003417969 92.01329803466797
51.03972244262695 1117.7904052734375 535.2989501953125 981.3427734375
55.05768585205078 1117.606689453125 159.2806396484375 571.7793579101562
55.05768585205078 1117.606689453125 535.2989501953125 981.3427734375
67.01089477539062 418.3602294921875 172.9980926513672 422.61431884765625
76.20399475097656 723.6221313476562 181.74658203125 608.82421875
77.0085678100586 238.92196655273438 202.32894897460938 452.8311462402344
85.2387466430664 838.5906372070312 477.85748291015625 759.5872802734375
85.44746398925781 440.65887451171875 264.2945251464844 202.51470947265625
86.47418212890625 231.87625122070312 195.31764221191406 282.675537109375
90.49150848388672 1117.27734375 159.2806396484375 571.7793579101562
90.49150848388672 1117.27734375 535.2989501953125 981.3427734375
97.4521484375 226.6865234375 187.15786743164062 294.9693298339844
102.83027648925781 1120.089111328125 535.0753784179688 984.0077514648438
105.59226989746094 1117.3365478515625 535.2989501953125 981.3427734375
106.91067504882812 221.52272033691406 268.53729248046875 202.36485290527344
110.13867950439453 1117.1217041015625 159.2806396484375 571.7793579101562
110.13867950439453 1117.1217041015625 535.2989501953125 981.3427734375
112.98131561279297 1120.0570068359375 535.0753784179688 984.0077514648438
113.5899429321289 218.22833251953125 187.15786743164062 294.9693298339844
113.8331298828125 217.6469268798828 187.15786743164062 294.9693298339844
115.19547271728516 853.560791015625 434.71710205078125 848.0392456054688
119.97635650634766 859.0817260742188 201.0357208251953 694.5149536132812
120.69868469238281 1117.4503173828125 535.2989501953125 981.3427734375
125.16041564941406 934.4525756835938 608.5161743164062 868.1141967773438
128.22720336914062 979.8670654296875 453.12384033203125 756.509033203125
129.0126495361328 975.8833618164062 453.12384033203125 756.509033203125
135.56349182128906 618.2981567382812 206.3450469970703 528.1253662109375
141.1359100341797 1033.5018310546875 545.6019287109375 242.554931640625
146.070556640625 875.451904296875 209.1138916015625 701.5664672851562
152.92506408691406 467.3326110839844 438.8831481933594 807.34619140625
155.03805541992188 1029.298583984375 486.9955749511719 888.7573852539062
155.03805541992188 1029.298583984375 486.9955749511719 888.7573852539062
157.40977478027344 824.25439453125 212.71615600585938 676.8399658203125
169.97084045410156 855.2875366210938 218.49417114257812 695.4934692382812
172.5484619140625 1028.701904296875 530.0076904296875 916.865478515625
177.4833984375 1026.045166015625 435.04620361328125 874.4761962890625
183.26388549804688 466.94708251953125 216.86473083496094 448.7869567871094
183.5758056640625 916.9169311523438 460.9399719238281 746.0465087890625
183.78567504882812 473.54864501953125 217.2138214111328 453.2008972167969
188.3726348876953 981.578125 202.04095458984375 770.453369140625
193.55874633789062 981.4614868164062 453.12384033203125 756.509033203125
196.26748657226562 840.45849609375 228.752685546875 689.3505249023438
196.62884521484375 790.2943115234375 228.55020141601562 655.5516357421875
196.85446166992188 499.2856140136719 222.5966796875 470.6451416015625
197.0500030517578 520.0360107421875 222.84756469726562 485.2991943359375
197.1204071044922 789.4639282226562 228.55020141601562 655.5516357421875
199.81710815429688 828.3243408203125 229.58489990234375 682.0296020507812
201.44113159179688 534.3908081054688 225.30674743652344 491.7130126953125
204.20401000976562 433.0246887207031 224.16372680664062 426.01104736328125
204.98394775390625 1028.85009765625 530.0076904296875 916.865478515625
204.98394775390625 1028.85009765625 530.0076904296875 916.865478515625
208.36434936523438 540.6136474609375 228.59210205078125 496.0863037109375
210.78427124023438 509.17681884765625 229.12893676757812 476.1907043457031
211.4188995361328 552.0836791992188 230.32716369628906 504.65289306640625
211.92318725585938 497.8608093261719 229.43675231933594 467.89654541015625
212.65835571289062 1119.570556640625 535.0753784179688 984.0077514648438
214.06178283691406 529.2472534179688 231.01077270507812 488.61102294921875
214.32443237304688 974.4825439453125 772.8026733398438 688.3467407226562
216.01571655273438 540.73193359375 232.2758331298828 495.9966125488281
218.64385986328125 579.473388671875 233.7075958251953 520.3775024414062
219.97344970703125 496.6361389160156 232.93817138671875 467.9466552734375
226.66770935058594 546.4371948242188 236.70431518554688 499.5013427734375
226.97071838378906 856.3984985351562 519.6626586914062 232.57823181152344
229.36105346679688 578.28466796875 453.12384033203125 756.509033203125
235.48501586914062 430.5751953125 356.1529541015625 128.73619079589844
237.77432250976562 778.9255981445312 244.7212371826172 647.3277587890625
240.3049774169922 496.0968322753906 349.29095458984375 312.1575012207031
240.82640075683594 754.3592529296875 245.61354064941406 635.6456298828125
240.8706512451172 1028.218994140625 249.13771057128906 815.1433715820312
243.6519317626953 474.6598815917969 241.79150390625 452.21539306640625
243.92404174804688 848.03466796875 225.5091552734375 693.8516235351562
244.6924285888672 852.9157104492188 493.92950439453125 747.0806274414062
244.88856506347656 170.54531860351562 372.5804138183594 197.47445678710938
245.67295837402344 148.12646484375 346.55084228515625 822.7435302734375
248.16595458984375 974.1571655273438 251.10882568359375 781.5474243164062
249.3971405029297 494.0997009277344 243.75827026367188 464.5078125
249.81289672851562 167.07318115234375 382.3974914550781 192.912841796875
254.56643676757812 888.617431640625 458.11328125 811.4779052734375
255.6639404296875 721.9918823242188 251.09397888183594 617.2639770507812
256.1944580078125 475.19476318359375 208.15017700195312 448.0164794921875
256.66094970703125 848.4234008789062 528.21240234375 251.27342224121094
258.340576171875 773.8714599609375 427.5988464355469 644.379150390625
260.3776550292969 665.537109375 416.8401184082031 747.32861328125
261.57049560546875 768.4771118164062 254.51739501953125 647.3565063476562
264.8454895019531 672.0828857421875 254.12240600585938 626.7891235351562
265.5994873046875 1030.6220703125 435.04620361328125 874.4761962890625
265.5994873046875 1030.6220703125 435.04620361328125 874.4761962890625
265.6014709472656 1025.0087890625 435.04620361328125 874.4761962890625
271.18621826171875 1028.074951171875 260.9089660644531 818.303466796875
276.1325378417969 725.3322143554688 477.85748291015625 759.5872802734375
277.4002380371094 845.9485473632812 262.3297119140625 700.3768920898438
279.38507080078125 974.6203002929688 264.23748779296875 788.3211059570312
279.4858703613281 1025.71484375 281.42779541015625 825.8599853515625
284.1651916503906 642.2432250976562 327.8447570800781 324.5552673339844
288.3700866699219 1025.5 288.093017578125 498.8348388671875
289.136962890625 158.33876037597656 382.3974914550781 192.912841796875
289.61663818359375 545.0486450195312 349.29095458984375 312.1575012207031
291.1532287597656 793.4707641601562 267.56689453125 664.9415283203125
291.91278076171875 1028.1650390625 270.5028076171875 821.4358520507812
294.50738525390625 124.89718627929688 257.5210876464844 212.67625427246094
296.8242492675781 995.0440063476562 330.8154602050781 818.6331176757812
297.7018127441406 809.1980590820312 270.5936279296875 676.7503051757812
298.8157653808594 154.11160278320312 372.5804138183594 197.47445678710938
300.00274658203125 1029.663818359375 445.9701843261719 874.5700073242188
300.0635681152344 834.1510620117188 271.58905029296875 693.5313110351562
302.3314514160156 851.743408203125 471.7101135253906 745.1807861328125
304.302734375 448.1452941894531 266.6733093261719 431.5502624511719
305.19189453125 399.208984375 265.4273681640625 398.6643981933594
306.3131408691406 827.9906005859375 274.3052978515625 691.7300415039062
306.73529052734375 985.7945556640625 223.42124938964844 782.1707763671875
310.8512878417969 157.1492156982422 372.5804138183594 197.47445678710938
313.04180908203125 154.4906768798828 382.3974914550781 192.912841796875
313.5368347167969 982.8479614257812 280.0533447265625 794.2359619140625
313.7159423828125 111.0858154296875 264.2945251464844 202.51470947265625
314.74761962890625 963.0228271484375 280.5411376953125 785.249267578125
315.6335754394531 102.88613891601562 362.41693115234375 197.89971923828125
315.8902893066406 994.60791015625 175.1856689453125 684.6744384765625
316.0430908203125 421.3696594238281 269.7496643066406 414.67388916015625
319.1507873535156 447.3212890625 273.6391296386719 431.6139831542969
319.67193603515625 155.8758087158203 372.5804138183594 197.47445678710938
325.1484375 569.0010986328125 278.5111389160156 514.482421875
325.56817626953125 150.04672241210938 372.5804138183594 197.47445678710938
326.71697998046875 1044.70068359375 286.3773498535156 837.831787109375
328.39947509765625 151.96310424804688 382.3974914550781 192.912841796875
328.39947509765625 151.96310424804688 382.3974914550781 192.912841796875
333.51837158203125 1006.1113891601562 285.1075744628906 812.3002319335938
334.1402282714844 457.4884033203125 343.0706481933594 413.9803466796875
338.044921875 996.177978515625 290.4874572753906 806.4560546875
338.1492004394531 405.3216552734375 356.1529541015625 128.73619079589844
339.77978515625 1023.575927734375 435.04620361328125 874.4761962890625
342.4094543457031 911.0914306640625 291.98651123046875 748.53955078125
344.15203857421875 1026.38818359375 294.0388488769531 827.82421875
344.98712158203125 395.93377685546875 283.97991943359375 394.8397521972656
345.1169128417969 147.5903778076172 372.5804138183594 197.47445678710938
345.41595458984375 389.0572814941406 238.42532348632812 741.9943237304688
345.96990966796875 547.0084228515625 288.093017578125 498.8348388671875
346.2682800292969 382.1229553222656 281.2164611816406 388.00823974609375
347.12005615234375 1017.305419921875 574.0458984375 1043.943359375
347.6682434082031 1035.7156982421875 294.5672912597656 834.5748901367188
347.67449951171875 584.8482055664062 371.27618408203125 328.674560546875
349.86578369140625 581.2132568359375 290.0899353027344 522.64013671875
351.111083984375 526.78466796875 290.29840087890625 483.9224853515625
355.6665344238281 1034.9451904296875 298.7345886230469 836.2412719726562
361.88031005859375 573.6779174804688 295.5718078613281 517.2174682617188
363.2655334472656 1025.884765625 303.3638000488281 831.1553344726562
365.56396484375 481.3299865722656 333.9259948730469 542.0655517578125
368.3970642089844 1032.075439453125 305.2218017578125 834.4105224609375
375.1435241699219 1115.759033203125 535.2989501953125 981.3427734375
375.9624938964844 1063.9644775390625 310.0627746582031 859.4862060546875
377.1834716796875 431.4344177246094 299.361328125 418.1159973144531
377.8547058105469 1038.9334716796875 131.9702606201172 131.28684997558594
377.8583068847656 1023.8528442382812 310.48193359375 832.5846557617188
377.8764953613281 564.1561279296875 302.2968444824219 511.7658996582031
378.4136657714844 478.0418701171875 310.5633544921875 387.6311950683594
378.862060546875 392.9428405761719 299.7804260253906 391.37933349609375
379.85296630859375 677.4287719726562 304.845458984375 590.5957641601562
382.1704406738281 617.5155029296875 304.6363220214844 548.7656860351562
382.1704406738281 617.5155029296875 304.6363220214844 548.7656860351562
383.53387451171875 667.9655151367188 392.1089172363281 116.40351104736328
383.65289306640625 146.63275146484375 382.3974914550781 192.912841796875
384.3640441894531 501.4731750488281 303.80731201171875 467.1111755371094
385.6708679199219 678.9246215820312 307.654541015625 592.0286254882812
385.6708679199219 678.9246215820312 307.654541015625 592.0286254882812
388.0955505371094 456.7900695800781 305.0342712402344 435.3802490234375
389.9754943847656 503.0379333496094 306.9261474609375 468.06231689453125
390.67974853515625 1118.344970703125 535.0753784179688 984.0077514648438
390.67974853515625 1118.344970703125 540.8490600585938 986.4508056640625
391.1683044433594 1022.6648559570312 435.04620361328125 874.4761962890625
391.8451232910156 148.95265197753906 372.5804138183594 197.47445678710938
395.33282470703125 540.1454467773438 310.2733459472656 494.5384521484375
397.1788635253906 1044.9217529296875 497.02197265625 893.4265747070312
398.5643615722656 470.0034484863281 310.68389892578125 443.9349670410156
400.2340393066406 668.1949462890625 313.5257873535156 584.4072875976562
402.4665222167969 1033.284912109375 432.5852355957031 474.00177001953125
402.8893737792969 560.1085815429688 316.5572509765625 509.58660888671875
405.6555480957031 375.7691650390625 364.45318603515625 330.5014343261719
407.66802978515625 1118.51025390625 535.0753784179688 984.0077514648438
411.05218505859375 495.8834533691406 318.49542236328125 463.29803466796875
411.0846252441406 1042.5692138671875 463.5798645019531 881.4459228515625
411.2248840332031 311.9564514160156 229.58489990234375 682.0296020507812
411.7191467285156 1118.5518798828125 535.0753784179688 984.0077514648438
411.7191467285156 1118.5518798828125 535.0753784179688 984.0077514648438
414.4557800292969 994.857666015625 485.98406982421875 777.8373413085938
417.9219970703125 319.8415222167969 317.1741027832031 337.43524169921875
418.2260437011719 320.0324401855469 315.5643005371094 333.8370361328125
419.0852355957031 555.9863891601562 322.34869384765625 505.0965881347656
420.673583984375 1035.1156005859375 332.3592834472656 846.5084228515625
425.184326171875 425.64599609375 323.1028137207031 416.7268371582031
426.52838134765625 555.3045654296875 328.2495422363281 383.1946105957031
426.9696044921875 5.640981674194336 306.9261474609375 468.06231689453125
431.3177490234375 748.7987060546875 324.246337890625 650.6973876953125
431.43035888671875 145.70281982421875 382.3974914550781 192.912841796875
433.4960021972656 943.8673706054688 324.0060729980469 133.3164520263672
433.558349609375 972.0071411132812 338.3345947265625 805.0924682617188
435.49053955078125 145.38241577148438 321.5982971191406 208.43096923828125
439.6322326660156 368.12847900390625 271.58905029296875 693.5313110351562
439.9100341796875 989.7155151367188 340.89990234375 817.6597900390625
441.1585388183594 306.8341979980469 327.8447570800781 324.5552673339844
441.555908203125 1023.440673828125 281.42779541015625 825.8599853515625
441.57855224609375 549.5824584960938 333.804443359375 500.849609375
441.6781005859375 618.48046875 333.9648742675781 550.693359375
444.129638671875 984.8638916015625 343.6441650390625 814.4576416015625
444.8241271972656 367.943359375 331.297119140625 368.2494812011719
446.4535827636719 545.5297241210938 496.1287841796875 696.564453125
446.73919677734375 1034.8455810546875 344.37579345703125 850.4415283203125
446.89874267578125 1118.2213134765625 403.7724914550781 932.8521728515625
447.9788818359375 471.3695068359375 334.67962646484375 443.6447448730469
448.26324462890625 660.11767578125 477.85748291015625 759.5872802734375
449.0225524902344 690.4102783203125 292.71826171875 493.2439270019531
450.17364501953125 1111.5648193359375 345.5777587890625 906.1475219726562
451.5928955078125 990.0944213867188 525.958740234375 245.60781860351562
451.9969787597656 332.8441467285156 334.3106994628906 342.5123596191406
453.07403564453125 965.5845947265625 400.8362731933594 338.3150329589844
456.5997009277344 623.6799926757812 341.8304748535156 554.416015625
457.9706115722656 637.7936401367188 315.9559326171875 500.73394775390625
458.8306884765625 986.3637084960938 350.0433349609375 818.0188598632812
459.554443359375 1025.637451171875 350.8186950683594 846.2863159179688
461.2572937011719 1034.18115234375 352.11907958984375 852.3320922851562
461.55609130859375 708.7680053710938 344.1954040527344 614.017333984375
461.8874816894531 500.41522216796875 342.6178283691406 464.4167175292969
462.7689208984375 768.7268676757812 346.90386962890625 661.0546264648438
463.0514221191406 606.828125 420.9041748046875 394.64825439453125
463.1107482910156 1033.888427734375 352.11907958984375 852.3320922851562
464.61444091796875 427.94525146484375 342.5260314941406 410.8580322265625
464.79425048828125 24.866512298583984 332.6363830566406 114.81995391845703
465.365478515625 432.13916015625 343.0706481933594 413.9803466796875
466.0745849609375 485.12908935546875 344.5201416015625 452.4515380859375
468.37823486328125 1025.9581298828125 819.0797119140625 635.1160888671875
477.2521667480469 328.67706298828125 346.723388671875 337.3279113769531
482.83392333984375 148.88565063476562 372.5804138183594 197.47445678710938
484.15167236328125 689.4186401367188 356.2857666015625 602.2854614257812
484.6524658203125 314.1273498535156 349.375244140625 326.37396240234375
486.4663391113281 311.3418273925781 232.2758331298828 495.9966125488281
487.7450256347656 785.416748046875 359.74456787109375 674.5852661132812
489.0610046386719 78.91590118408203 347.1425476074219 150.77149963378906
491.5319519042969 1094.9736328125 427.3460388183594 449.6418151855469
493.214111328125 830.6748657226562 363.7900390625 708.6959228515625
494.2718811035156 800.9940795898438 363.6349182128906 686.3370971679688
495.9943542480469 384.02838134765625 361.39752197265625 372.8023681640625
498.69537353515625 1081.558349609375 370.66485595703125 893.513916015625
498.84765625 627.2908325195312 363.07110595703125 557.8421630859375
498.90435791015625 657.1027221679688 363.4064025878906 580.70849609375
502.442138671875 734.89453125 365.6478576660156 639.823486328125
502.5170593261719 30.333595275878906 352.9207763671875 111.43585968017578
502.5183410644531 668.5861206054688 365.8627014160156 589.1220092773438
503.03057861328125 29.999799728393555 352.9207763671875 111.43585968017578
503.5087585449219 1063.152099609375 373.6640930175781 880.266845703125
504.1877746582031 706.8773193359375 273.27410888671875 520.7125244140625
504.23486328125 658.775634765625 366.1644287109375 581.9285278320312
505.054931640625 21.007787704467773 265.4273681640625 398.6643981933594
506.68096923828125 895.1046142578125 373.50811767578125 757.8773803710938
507.25836181640625 804.197265625 370.7961120605469 690.229248046875
507.9126892089844 5.646325588226318 355.1716003417969 92.01329803466797
507.9126892089844 5.646325588226318 355.1716003417969 92.01329803466797
510.3611755371094 609.472900390625 367.69854736328125 543.0846557617188
514.0545654296875 673.7553100585938 371.9902648925781 593.486572265625
514.2305297851562 311.7490234375 369.9349060058594 321.6084899902344
514.2305297851562 311.7490234375 369.9349060058594 321.6084899902344
514.9691772460938 405.6845703125 307.654541015625 592.0286254882812
515.2109375 1049.80712890625 379.49560546875 873.6323852539062
515.268798828125 1050.9102783203125 379.49560546875 873.6323852539062
515.3748779296875 781.91748046875 374.5968322753906 674.115234375
515.7655029296875 1035.2354736328125 379.6297302246094 863.0462646484375
515.973876953125 147.81503295898438 362.41693115234375 197.89971923828125
515.973876953125 147.81503295898438 362.41693115234375 197.89971923828125
516.5625610351562 424.0727844238281 369.337890625 405.53631591796875
520.4126586914062 591.4461669921875 327.8447570800781 324.5552673339844
520.6868286132812 1032.6156005859375 382.839111328125 861.811279296875
521.0076293945312 711.6395874023438 379.1949768066406 618.4104614257812
521.836181640625 147.84170532226562 365.85565185546875 196.87767028808594
521.836181640625 147.84170532226562 365.85565185546875 196.87767028808594
521.8607177734375 74.26419830322266 363.9714660644531 141.98455810546875
523.2504272460938 741.907470703125 332.6363830566406 114.81995391845703
523.6776733398438 766.2745361328125 377.86639404296875 663.76904296875
524.6283569335938 424.4720458984375 374.0206604003906 405.3408508300781
524.7372436523438 323.0063781738281 371.27618408203125 328.674560546875
528.0121459960938 393.29522705078125 374.6764221191406 381.653076171875
529.3838500976562 45.08841323852539 367.138671875 117.29779052734375
529.9034423828125 968.0697021484375 387.5497131347656 814.9506225585938
533.5067749023438 395.8199157714844 378.19537353515625 383.2550354003906
535.4207153320312 1022.966064453125 430.3748779296875 729.7302856445312
535.5006713867188 664.9630737304688 383.5061950683594 587.8079223632812
536.878662109375 40.41899490356445 371.9732360839844 112.49755096435547
537.6552734375 1020.0640869140625 773.97705078125 612.885986328125
537.6552734375 1020.0640869140625 773.97705078125 612.885986328125
538.4186401367188 623.287353515625 384.4933166503906 555.73828125
540.3438110351562 411.74560546875 381.4089050292969 395.1136779785156
540.5281982421875 411.65545654296875 381.4089050292969 395.1136779785156
541.0448608398438 145.90553283691406 372.5804138183594 197.47445678710938
542.3328857421875 695.9945678710938 387.0815124511719 611.8413696289062
542.8800659179688 416.92987060546875 384.19720458984375 398.5594787597656
543.0963134765625 148.34617614746094 382.3974914550781 192.912841796875
544.0764770507812 105.42584991455078 376.83917236328125 161.69461059570312
547.44384765625 1021.8828125 234.26759338378906 811.2728271484375
547.6959228515625 553.3982543945312 232.72607421875 866.7454223632812
548.444580078125 402.0948791503906 386.244140625 386.98883056640625
549.0108032226562 617.3499755859375 390.5257873535156 550.7025756835938
549.0266723632812 695.9102783203125 391.188232421875 611.7701416015625
549.1099243164062 122.32740020751953 478.6971435546875 198.9340362548828
549.7837524414062 1027.1055908203125 435.04620361328125 874.4761962890625
552.7984008789062 1116.87744140625 535.0753784179688 984.0077514648438
553.1217651367188 642.193115234375 428.4147033691406 489.49700927734375
554.4432983398438 421.6775207519531 389.7095031738281 401.7430419921875
555.1480102539062 329.92254638671875 387.83184814453125 331.0690612792969
555.218017578125 321.7057189941406 387.59686279296875 324.7800598144531
555.220703125 408.99951171875 390.3556823730469 391.46624755859375
556.8560791015625 510.34295654296875 395.0343017578125 470.63409423828125
557.544677734375 151.9781951904297 372.5804138183594 197.47445678710938
558.0401611328125 149.16970825195312 362.41693115234375 197.89971923828125
558.9154052734375 371.26824951171875 391.5880126953125 362.28521728515625
561.280029296875 684.789306640625 398.0152587890625 603.0400390625
562.7020874023438 402.3995056152344 395.42584228515625 386.8738098144531
562.92626953125 1019.8931274414062 772.8026733398438 688.3467407226562
563.2402954101562 409.1547546386719 394.5458679199219 391.6410827636719
563.3722534179688 390.96417236328125 394.5766296386719 380.0734558105469
564.7142944335938 146.26535034179688 491.83465576171875 780.0302124023438
564.996337890625 672.0780639648438 399.85302734375 594.1892700195312
565.6599731445312 1023.0797119140625 407.22698974609375 862.5225830078125
568.6615600585938 344.3203430175781 395.8244323730469 340.95263671875
570.70361328125 657.7523193359375 402.94757080078125 583.9178466796875
570.9656982421875 887.5062255859375 408.37200927734375 760.24169921875
571.7501831054688 345.35919189453125 398.8171081542969 341.29766845703125
571.844970703125 408.65228271484375 399.689208984375 390.53790283203125
572.8712158203125 554.0799560546875 404.00701904296875 503.5964660644531
573.8350219726562 411.33660888671875 400.9752502441406 391.4221496582031
573.9752807617188 55.16802215576172 392.1089172363281 116.40351104736328
574.08251953125 412.1675109863281 400.9752502441406 391.4221496582031
574.4012451171875 670.9852905273438 405.0248718261719 593.2944946289062
575.6007690429688 896.5695190429688 411.2550048828125 766.507568359375
575.6834106445312 436.0072021484375 401.53863525390625 409.9852294921875
575.6834106445312 436.0072021484375 401.53863525390625 409.9852294921875
576.2280883789062 549.2932739257812 406.2681579589844 499.831787109375
577.9325561523438 375.97637939453125 401.8597412109375 364.67974853515625
578.7472534179688 706.020751953125 408.04840087890625 622.197021484375
578.85205078125 72.56058502197266 393.41119384765625 122.4738998413086
581.3065185546875 657.3544311523438 410.083251953125 583.1520385742188
583.7874145507812 359.4117126464844 405.44921875 351.4985656738281
583.7874145507812 359.4117126464844 405.44921875 351.4985656738281
584.3173217773438 694.3226928710938 387.0815124511719 611.8413696289062
584.6917114257812 392.59759521484375 407.7265930175781 377.1143493652344
585.1839599609375 864.3933715820312 415.0026550292969 744.4959106445312
585.7011108398438 392.5386962890625 407.7265930175781 377.1143493652344
585.7011108398438 392.5386962890625 407.7265930175781 377.1143493652344
586.32470703125 900.6465454101562 417.9375305175781 770.2632446289062
586.6743774414062 733.5121459960938 413.48309326171875 642.7461547851562
590.5108642578125 901.4085083007812 485.7375183105469 792.1178588867188
591.2776489257812 980.1731567382812 201.83457946777344 777.7850341796875
591.8929443359375 386.04876708984375 353.6831359863281 311.0835266113281
591.9754028320312 390.5173034667969 411.6211242675781 375.22576904296875
592.1821899414062 666.0979614257812 416.2364501953125 591.582275390625
593.6946411132812 959.9109497070312 422.90509033203125 822.2057495117188
594.4295043945312 796.2354736328125 418.9222106933594 693.7471923828125
594.8119506835938 1024.5048828125 260.9089660644531 818.303466796875
595.4429931640625 842.0553588867188 420.6296081542969 728.5291748046875
596.2048950195312 986.5326538085938 434.71710205078125 848.0392456054688
597.4595336914062 384.4932861328125 414.2091979980469 369.5244445800781
597.4745483398438 384.3537292480469 414.2091979980469 369.5244445800781
597.7164306640625 142.13694763183594 388.42291259765625 188.40554809570312
598.5858154296875 829.3455810546875 422.26568603515625 718.9751586914062
601.9013061523438 709.9717407226562 422.291015625 625.360107421875
602.2579956054688 736.9215087890625 423.0899963378906 647.1643676757812
602.3805541992188 548.8300170898438 420.7239990234375 499.301513671875
604.3721313476562 842.558837890625 425.90411376953125 729.4788818359375
606.2224731445312 540.8133544921875 422.524169921875 492.7402038574219
607.1103515625 730.6399536132812 345.0125732421875 857.9530029296875
607.4243774414062 752.0931396484375 426.3894958496094 658.2498168945312
608.31689453125 439.7063903808594 408.3775634765625 613.3089599609375
608.9548950195312 416.5392150878906 420.9041748046875 394.64825439453125
610.74365234375 514.4738159179688 424.6245422363281 471.7855529785156
611.2637939453125 530.8369750976562 425.27227783203125 484.37091064453125
612.3255615234375 841.857177734375 430.3748779296875 729.7302856445312
612.5513305664062 780.9215087890625 430.0605163574219 681.6182250976562
612.5623168945312 546.1737670898438 426.59490966796875 496.5605163574219
613.3368530273438 521.64111328125 426.3666687011719 477.4027404785156
614.4680786132812 478.5268249511719 425.80859375 442.9358215332031
615.104736328125 421.4382019042969 425.3356628417969 397.7400207519531
616.0780639648438 488.8373107910156 427.3460388183594 449.6418151855469
616.5951538085938 741.2985229492188 431.46893310546875 650.9994506835938
617.5494384765625 863.1333618164062 433.9360656738281 747.4520263671875
618.262939453125 987.622314453125 437.95245361328125 845.6212158203125
618.58837890625 949.9190673828125 436.2110900878906 812.001708984375
618.58837890625 949.9190673828125 436.2110900878906 812.001708984375
619.522216796875 851.99169921875 434.69482421875 738.3368530273438
619.7017822265625 415.9046936035156 181.74658203125 608.82421875
623.8033447265625 518.0220336914062 432.5852355957031 474.00177001953125
625.209228515625 806.4044799804688 437.9647521972656 705.521240234375
625.3480834960938 776.839111328125 438.08856201171875 680.9218139648438
626.7192993164062 854.05908203125 439.859130859375 740.302001953125
626.7900390625 988.1736450195312 202.04095458984375 770.453369140625
626.8071899414062 740.2783813476562 437.5142822265625 651.984619140625
628.7141723632812 749.001220703125 438.05511474609375 658.0302124023438
628.72900390625 836.6619262695312 229.58489990234375 682.0296020507812
628.9718017578125 751.5286254882812 438.2917175292969 660.2645874023438
630.232666015625 833.0870361328125 444.4832763671875 723.5167236328125
631.0993041992188 960.8923950195312 466.54833984375 776.8624877929688
631.1786499023438 1023.046875 445.9701843261719 874.5700073242188
632.2567749023438 1002.0615844726562 443.2315673828125 857.8417358398438
633.486572265625 526.8570556640625 439.7680358886719 478.57891845703125
634.9093017578125 759.0157470703125 442.2973937988281 666.1123657226562
634.9093017578125 759.0157470703125 442.2973937988281 666.1123657226562
637.9749145507812 969.9198608398438 485.51202392578125 768.53369140625
639.9151611328125 459.1546936035156 441.29833984375 426.6022644042969
640.5332641601562 766.2308959960938 445.69427490234375 672.2919921875
641.2694091796875 469.6767272949219 442.2797546386719 435.1172790527344
642.3841552734375 1023.4500732421875 452.6040344238281 877.3380126953125
644.26416015625 430.7378234863281 443.708984375 402.96771240234375
644.26416015625 430.7378234863281 443.708984375 402.96771240234375
645.2208862304688 454.9781494140625 444.54608154296875 422.76934814453125
647.3963623046875 974.2744140625 477.85748291015625 759.5872802734375
648.9766235351562 984.7080078125 471.7101135253906 745.1807861328125
648.9766235351562 984.7080078125 471.7101135253906 745.1807861328125
649.0927734375 845.0729370117188 519.6626586914062 232.57823181152344
649.10546875 1115.9649658203125 403.7724914550781 932.8521728515625
649.15087890625 877.1714477539062 453.12384033203125 756.509033203125
651.0704345703125 867.0493774414062 202.04095458984375 770.453369140625
651.182861328125 434.3086242675781 447.2201843261719 406.6764221191406
653.8358154296875 483.67120361328125 453.58447265625 445.2812805175781
654.8026123046875 981.388427734375 280.1851501464844 799.9794311523438
654.8026123046875 981.388427734375 280.1851501464844 799.9794311523438
657.0185546875 958.7131958007812 463.6396789550781 831.3502807617188
661.111572265625 985.8009643554688 464.4306335449219 743.1152954101562
661.111572265625 985.8009643554688 464.4306335449219 743.1152954101562
661.7772827148438 452.3038635253906 455.46435546875 419.5616455078125
662.8494262695312 886.3693237304688 472.8747863769531 778.3733520507812
667.2097778320312 850.70947265625 464.4306335449219 743.1152954101562
667.2097778320312 850.70947265625 464.4306335449219 743.1152954101562
672.4149780273438 877.047119140625 467.8613586425781 763.4707641601562
672.4536743164062 855.9880981445312 146.6567840576172 156.00135803222656
672.6033325195312 460.1250915527344 478.6971435546875 198.9340362548828
672.7067260742188 985.5916137695312 473.12353515625 852.9423217773438
676.839599609375 394.857177734375 463.9815979003906 375.4432067871094
678.5476684570312 852.1217041015625 471.7101135253906 745.1807861328125
678.5476684570312 852.1217041015625 471.7101135253906 745.1807861328125
679.8981323242188 1025.142822265625 476.0274353027344 886.1795043945312
681.34326171875 956.2359619140625 229.31491088867188 707.49169921875
682.9069213867188 960.1009521484375 229.31491088867188 707.49169921875
692.6196899414062 185.09115600585938 524.9307861328125 293.7230224609375
696.6693115234375 1023.9740600585938 486.9955749511719 888.7573852539062
696.6693115234375 1023.9740600585938 486.9955749511719 888.7573852539062
696.9053955078125 943.5838623046875 487.37261962890625 840.8431396484375
698.6392822265625 847.88671875 485.1466979980469 744.9700927734375
698.9010620117188 849.4620971679688 271.58905029296875 693.5313110351562
700.3529052734375 837.4561767578125 483.87237548828125 735.8187866210938
707.9931640625 887.5369262695312 491.83465576171875 780.0302124023438
707.9931640625 887.5369262695312 491.83465576171875 780.0302124023438
710.3012084960938 852.1322631835938 491.6204528808594 747.779541015625
713.631103515625 828.2081909179688 493.4127197265625 730.4866333007812
717.31689453125 1023.9305419921875 499.4454040527344 893.0247192382812
717.8749389648438 923.855224609375 498.8984375 383.6064758300781
720.4638061523438 955.8306884765625 519.6626586914062 232.57823181152344
725.7223510742188 226.4311981201172 388.3684387207031 833.2267456054688
729.3955078125 359.7455749511719 384.9218444824219 862.0015258789062
729.7083129882812 215.36256408691406 398.0626220703125 867.270751953125
732.5380249023438 206.5679473876953 430.788818359375 789.0531005859375
756.5430908203125 986.501708984375 525.3163452148438 869.5479125976562
757.6119384765625 1023.0015258789062 540.0116577148438 940.9556884765625
757.6119384765625 1023.0015258789062 540.0116577148438 940.9556884765625
757.8388061523438 976.1483764648438 525.9517822265625 861.2886962890625
761.1650390625 276.04132080078125 428.4610290527344 880.101806640625
762.8814086914062 1045.190185546875 223.3734130859375 806.8477783203125
763.7122802734375 1115.6080322265625 535.0753784179688 984.0077514648438
769.0948486328125 1112.1304931640625 159.2806396484375 571.7793579101562
769.0948486328125 1112.1304931640625 535.2989501953125 981.3427734375
773.0885620117188 1011.3441162109375 537.69140625 894.9191284179688
773.0885620117188 1011.3441162109375 537.69140625 894.9191284179688
775.180908203125 1063.627685546875 540.0116577148438 940.9556884765625
775.180908203125 1063.627685546875 540.0116577148438 940.9556884765625
775.57080078125 1007.2986450195312 539.8731689453125 891.8407592773438
779.1536865234375 327.6800842285156 519.6626586914062 232.57823181152344
779.5926513671875 264.2900390625 528.21240234375 251.27342224121094
779.9786987304688 1067.544921875 543.5525512695312 945.8260498046875
793.844970703125 800.7188720703125 546.8544311523438 716.4075317382812
795.8817749023438 821.2289428710938 548.0249633789062 733.2588500976562
796.9476318359375 821.4613647460938 548.0249633789062 733.2588500976562
798.9376831054688 797.4978637695312 550.65771484375 713.5805053710938
799.6929321289062 1075.582763671875 557.5308227539062 957.9254150390625
805.549072265625 259.359619140625 545.6019287109375 242.554931640625
