10.42910099029541 317.00543212890625 285.41729736328125 346.4807434082031
10.893488883972168 300.4652099609375 375.85638427734375 279.9206848144531
11.065108299255371 305.4676208496094 376.1578674316406 284.4823303222656
11.065108299255371 305.4676208496094 376.1578674316406 284.4823303222656
12.113444328308105 346.3192138671875 215.5107421875 366.2477722167969
12.455829620361328 340.7309875488281 327.1163635253906 290.5679626464844
13.449376106262207 298.3006896972656 378.2782287597656 277.9379577636719
13.596903800964355 335.43035888671875 280.8085632324219 328.2931213378906
13.828095436096191 316.6130676269531 200.77357482910156 305.8308410644531
14.326920509338379 307.5611267089844 378.6817932128906 286.4523010253906
15.439762115478516 319.930419921875 379.3782043457031 297.308349609375
15.932602882385254 388.71673583984375 378.3214416503906 358.7235107421875
16.432870864868164 299.7121276855469 203.65841674804688 288.996826171875
16.65923309326172 327.10162353515625 338.5400085449219 298.191162109375
16.745046615600586 444.9178771972656 438.2930603027344 159.4219512939453
17.182531356811523 305.00421142578125 381.08770751953125 284.4658203125
18.121225357055664 362.0399169921875 380.8422546386719 335.4010925292969
18.39484214782715 366.042236328125 203.79844665527344 356.1949768066406
18.39484214782715 366.042236328125 203.79844665527344 356.1949768066406
18.7900390625 384.09002685546875 380.59808349609375 355.176025390625
21.392995834350586 293.9095458984375 384.3157043457031 274.5989074707031
21.997146606445312 306.6808166503906 209.1284942626953 296.5574951171875
22.047138214111328 357.6259765625 207.38058471679688 348.328369140625
22.67758560180664 291.096435546875 385.5565185546875 272.3413391113281
23.580562591552734 462.9705505371094 380.927734375 432.76226806640625
24.215673446655273 78.67284393310547 388.6535949707031 74.41078186035156
25.694231033325195 311.7291259765625 387.53424072265625 291.247802734375
26.365262985229492 306.7933044433594 213.39306640625 297.0439758300781
26.445005416870117 83.06744384765625 391.4761657714844 79.2119369506836
27.17045783996582 435.9876403808594 383.59161376953125 406.165771484375
27.62272834777832 348.4297790527344 388.1207580566406 324.51153564453125
28.8985595703125 287.2411193847656 390.08544921875 268.62677001953125
29.348987579345703 331.8937072753906 389.17437744140625 309.9815979003906
30.280044555664062 321.5133361816406 389.53173828125 281.5345458984375
30.94358253479004 374.2682189941406 389.24761962890625 348.36407470703125
31.6129150390625 389.440673828125 207.29080200195312 419.7525939941406
31.964269638061523 298.19757080078125 195.87228393554688 327.2684326171875
35.111080169677734 438.8458251953125 389.86065673828125 411.0793151855469
36.813270568847656 377.8826599121094 393.8912048339844 315.2941589355469
38.53487777709961 351.82977294921875 395.98419189453125 325.450927734375
38.612361907958984 427.8942565917969 393.9163513183594 401.4462890625
43.56364059448242 453.2418212890625 398.5099792480469 428.83056640625
48.33837127685547 78.68907928466797 409.9397888183594 71.0969467163086
49.506744384765625 126.12481689453125 407.0831298828125 118.23759460449219
52.57490539550781 434.46044921875 404.543212890625 411.21270751953125
54.799068450927734 429.4614562988281 406.58404541015625 406.5293273925781
55.18259048461914 465.6178894042969 407.05169677734375 443.97491455078125
60.61495590209961 425.866455078125 412.1034240722656 404.4299011230469
63.37540054321289 429.8780517578125 414.663330078125 409.1430969238281
63.945064544677734 263.625732421875 416.4756774902344 245.96888732910156
66.73905944824219 82.0915298461914 425.684814453125 71.41825866699219
67.39470672607422 419.54742431640625 417.3717041015625 400.7818298339844
67.39470672607422 419.54742431640625 417.3717041015625 400.7818298339844
69.93814086914062 432.78875732421875 418.1304931640625 413.6092529296875
72.28557586669922 436.9561767578125 419.8901062011719 418.149169921875
72.28557586669922 436.9561767578125 419.8901062011719 418.149169921875
74.84169006347656 413.8987121582031 424.2259826660156 400.19525146484375
75.06246185302734 386.7200622558594 424.60150146484375 372.8882751464844
78.37252044677734 379.7754821777344 427.6528625488281 366.564453125
80.10567474365234 86.45667266845703 438.0141906738281 73.42634582519531
82.95177459716797 172.60690307617188 438.2930603027344 159.4219512939453
85.91889953613281 410.7132568359375 433.1025390625 396.307861328125
85.95195007324219 360.919189453125 435.6575012207031 348.5834045410156
86.91484069824219 436.5038146972656 433.68310546875 422.1351318359375
90.54229736328125 419.57421875 250.10946655273438 286.6617431640625
92.06428527832031 364.3680114746094 441.4635314941406 352.86688232421875
92.3773422241211 429.35357666015625 439.88507080078125 416.2722473144531
92.80162048339844 452.5807189941406 439.6000671386719 442.0477294921875
92.8199234008789 355.71551513671875 443.2901916503906 343.1151123046875
93.76502990722656 459.36572265625 439.69580078125 449.3169250488281
95.31118774414062 89.15498352050781 452.3851623535156 73.33562469482422
95.63606262207031 400.8634948730469 441.33856201171875 390.3614196777344
96.594482421875 391.0830993652344 445.87420654296875 382.7961730957031
97.866943359375 368.5365295410156 446.7575988769531 357.88372802734375
98.12318420410156 390.0278015136719 445.87420654296875 382.7961730957031
98.52306365966797 464.8544006347656 443.74420166015625 456.3975830078125
101.34168243408203 449.7393493652344 447.7210693359375 441.0812683105469
105.87568664550781 88.71707153320312 461.36981201171875 70.51302337646484
105.87568664550781 88.71707153320312 461.36981201171875 70.51302337646484
109.11615753173828 393.8194274902344 224.1593780517578 27.52050018310547
110.28361511230469 449.3405456542969 456.82940673828125 443.45196533203125
110.28361511230469 449.3405456542969 456.82940673828125 443.45196533203125
112.79071807861328 346.27008056640625 461.40093994140625 337.958740234375
112.79071807861328 346.27008056640625 461.40093994140625 337.958740234375
113.35844421386719 461.42620849609375 459.0499572753906 458.0431213378906
113.46915435791016 198.09609985351562 467.2132873535156 184.74752807617188
114.75047302246094 439.1125183105469 461.12567138671875 433.48468017578125
117.06387329101562 327.7520446777344 467.06890869140625 319.92633056640625
117.06387329101562 327.7520446777344 467.06890869140625 319.92633056640625
121.05146026611328 344.0851745605469 471.11328125 336.90362548828125
121.05146026611328 344.0851745605469 470.67425537109375 336.77252197265625
124.44500732421875 351.7395324707031 473.2124328613281 344.56976318359375
125.05170440673828 354.2268371582031 473.8731384277344 349.32720947265625
125.85489654541016 458.82012939453125 471.43292236328125 459.55975341796875
135.43458557128906 426.2425231933594 482.1565246582031 425.1037902832031
137.02139282226562 361.8465881347656 486.0322570800781 358.3622131347656
137.02139282226562 361.8465881347656 486.0322570800781 358.3622131347656
138.17938232421875 457.9370422363281 483.9923095703125 462.66412353515625
141.06988525390625 384.78564453125 490.8515625 384.0855407714844
141.06988525390625 384.78564453125 490.8515625 384.0855407714844
142.3665771484375 383.9739685058594 490.8515625 384.0855407714844
142.3665771484375 383.9739685058594 490.8515625 384.0855407714844
142.40155029296875 377.39788818359375 491.3370361328125 376.8837890625
142.50735473632812 271.1687927246094 494.7496032714844 264.39398193359375
142.50735473632812 271.1687927246094 494.7496032714844 264.39398193359375
144.58473205566406 281.4042053222656 496.7754821777344 273.34710693359375
148.05181884765625 291.6207580566406 499.96923828125 284.2013244628906
151.64207458496094 452.9037170410156 498.4552001953125 461.8432312011719
155.20404052734375 404.1871032714844 504.70294189453125 412.064453125
155.38992309570312 284.37274169921875 508.3096618652344 277.04266357421875
157.48789978027344 290.3039855957031 510.5566711425781 283.7688903808594
158.65203857421875 335.00726318359375 510.3518371582031 333.3441467285156
159.2945098876953 432.8683776855469 504.9186096191406 438.5015563964844
164.92469787597656 408.9669189453125 344.39776611328125 83.87673950195312
165.7683868408203 436.8674011230469 515.49609375 448.6595458984375
166.56275939941406 437.2944641113281 515.49609375 448.6595458984375
167.976806640625 371.89935302734375 520.3201904296875 377.30322265625
168.30908203125 409.3682861328125 519.678466796875 420.3462219238281
171.0706329345703 385.3255920410156 524.01904296875 394.2106628417969
175.6537628173828 405.1289367675781 393.9163513183594 401.4462890625
176.40943908691406 366.2891540527344 531.7553100585938 373.00311279296875
176.6317901611328 366.10491943359375 531.7553100585938 373.00311279296875
179.22286987304688 429.905029296875 531.2557373046875 444.4385681152344
182.12283325195312 415.4573974609375 534.5612182617188 427.31085205078125
182.55291748046875 439.4434509277344 534.2085571289062 456.2847900390625
183.1421356201172 446.3852844238281 535.6172485351562 467.0754699707031
183.34010314941406 451.3472595214844 535.2885131835938 473.049560546875
188.38217163085938 444.0298767089844 542.93701171875 465.0605163574219
190.0060272216797 431.4126281738281 544.2401733398438 450.9844970703125
190.3810577392578 449.2962341308594 544.0841674804688 472.32733154296875
191.72996520996094 436.42230224609375 547.002197265625 456.8846740722656
194.20713806152344 364.0849914550781 551.6101684570312 375.70794677734375
197.3636474609375 344.0555419921875 556.0228271484375 351.8777160644531
197.3636474609375 344.0555419921875 556.0228271484375 351.8777160644531
198.934814453125 431.685791015625 558.0440673828125 451.35797119140625
200.0733184814453 430.4577941894531 558.0440673828125 451.35797119140625
200.41786193847656 346.12115478515625 560.4425659179688 354.34649658203125
201.93228149414062 419.079833984375 560.5553588867188 426.6750183105469
202.25686645507812 351.0570373535156 562.58544921875 360.3296203613281
202.9185791015625 338.9598083496094 563.7489624023438 345.8522033691406
206.87733459472656 312.15673828125 569.9602661132812 316.5585021972656
207.03221130371094 347.3597412109375 569.0068969726562 357.0718078613281
207.7621612548828 379.1475524902344 568.8817138671875 397.4496154785156
208.4659881591797 462.0926818847656 170.99034118652344 436.5491638183594
212.97552490234375 463.8285827636719 391.2054748535156 403.20672607421875
291.4453125 272.7976379394531 557.91162109375 428.5312194824219
292.1657409667969 244.1212921142578 560.5553588867188 426.6750183105469
320.6410217285156 246.57823181152344 240.93702697753906 416.0927429199219
332.14495849609375 297.20574951171875 224.1593780517578 27.52050018310547
332.22857666015625 297.72821044921875 224.1593780517578 27.52050018310547
335.0928955078125 187.92514038085938 214.453125 79.52880859375
352.5950927734375 187.9667205810547 449.76318359375 346.1856689453125
369.6717224121094 202.44747924804688 491.3370361328125 376.8837890625
392.0533752441406 268.2776794433594 367.0593566894531 461.0678405761719
400.64471435546875 267.6544189453125 367.0593566894531 461.0678405761719
415.20440673828125 207.77435302734375 310.0233154296875 372.4579772949219
448.8674621582031 279.2098388671875 454.4218444824219 243.96287536621094
460.7990417480469 171.39796447753906 248.94338989257812 347.5161437988281
462.0941467285156 258.71807861328125 233.13400268554688 295.52496337890625
463.1314697265625 303.20294189453125 357.16143798828125 257.4771728515625
464.3557434082031 202.02215576171875 557.91162109375 428.5312194824219
470.53033447265625 275.6324462890625 342.2825622558594 80.45081329345703
487.05377197265625 278.17083740234375 230.33184814453125 332.77520751953125
498.31402587890625 220.31813049316406 551.26318359375 464.0784606933594
