11.065108299255371 305.4676208496094 376.1578674316406 284.4823303222656
11.065108299255371 305.4676208496094 376.1578674316406 284.4823303222656
13.828095436096191 316.6130676269531 200.77357482910156 305.8308410644531
14.326920509338379 307.5611267089844 378.6817932128906 286.4523010253906
21.997146606445312 306.6808166503906 209.1284942626953 296.5574951171875
22.67758560180664 291.096435546875 385.5565185546875 272.3413391113281
24.215673446655273 78.67284393310547 388.6535949707031 74.41078186035156
26.365262985229492 306.7933044433594 213.39306640625 297.0439758300781
26.445005416870117 83.06744384765625 391.4761657714844 79.2119369506836
27.17045783996582 435.9876403808594 383.59161376953125 406.165771484375
35.111080169677734 438.8458251953125 389.86065673828125 411.0793151855469
38.53487777709961 351.82977294921875 395.98419189453125 325.450927734375
38.612361907958984 427.8942565917969 393.9163513183594 401.4462890625
43.56364059448242 453.2418212890625 398.5099792480469 428.83056640625
48.33837127685547 78.68907928466797 409.9397888183594 71.0969467163086
52.57490539550781 434.46044921875 404.543212890625 411.21270751953125
54.799068450927734 429.4614562988281 406.58404541015625 406.5293273925781
55.18259048461914 465.6178894042969 407.05169677734375 443.97491455078125
63.945064544677734 263.625732421875 416.4756774902344 245.96888732910156
67.39470672607422 419.54742431640625 417.3717041015625 400.7818298339844
67.39470672607422 419.54742431640625 417.3717041015625 400.7818298339844
69.93814086914062 432.78875732421875 418.1304931640625 413.6092529296875
72.28557586669922 436.9561767578125 419.8901062011719 418.149169921875
72.28557586669922 436.9561767578125 419.8901062011719 418.149169921875
74.84169006347656 413.8987121582031 424.2259826660156 400.19525146484375
75.06246185302734 386.7200622558594 424.60150146484375 372.8882751464844
78.37252044677734 379.7754821777344 427.6528625488281 366.564453125
80.10567474365234 86.45667266845703 438.0141906738281 73.42634582519531
82.95177459716797 172.60690307617188 438.2930603027344 159.4219512939453
92.06428527832031 364.3680114746094 441.4635314941406 352.86688232421875
92.3773422241211 429.35357666015625 439.88507080078125 416.2722473144531
92.80162048339844 452.5807189941406 439.6000671386719 442.0477294921875
93.76502990722656 459.36572265625 439.69580078125 449.3169250488281
95.31118774414062 89.15498352050781 452.3851623535156 73.33562469482422
96.594482421875 391.0830993652344 445.87420654296875 382.7961730957031
97.866943359375 368.5365295410156 446.7575988769531 357.88372802734375
98.12318420410156 390.0278015136719 445.87420654296875 382.7961730957031
98.52306365966797 464.8544006347656 443.74420166015625 456.3975830078125
101.34168243408203 449.7393493652344 447.7210693359375 441.0812683105469
105.87568664550781 88.71707153320312 461.36981201171875 70.51302337646484
105.87568664550781 88.71707153320312 461.36981201171875 70.51302337646484
110.28361511230469 449.3405456542969 456.82940673828125 443.45196533203125
110.28361511230469 449.3405456542969 456.82940673828125 443.45196533203125
112.79071807861328 346.27008056640625 461.40093994140625 337.958740234375
112.79071807861328 346.27008056640625 461.40093994140625 337.958740234375
113.35844421386719 461.42620849609375 459.0499572753906 458.0431213378906
113.46915435791016 198.09609985351562 467.2132873535156 184.74752807617188
114.75047302246094 439.1125183105469 461.12567138671875 433.48468017578125
117.06387329101562 327.7520446777344 467.06890869140625 319.92633056640625
117.06387329101562 327.7520446777344 467.06890869140625 319.92633056640625
121.05146026611328 344.0851745605469 471.11328125 336.90362548828125
125.85489654541016 458.82012939453125 471.43292236328125 459.55975341796875
135.43458557128906 426.2425231933594 482.1565246582031 425.1037902832031
137.02139282226562 361.8465881347656 486.0322570800781 358.3622131347656
137.02139282226562 361.8465881347656 486.0322570800781 358.3622131347656
138.17938232421875 457.9370422363281 483.9923095703125 462.66412353515625
141.06988525390625 384.78564453125 490.8515625 384.0855407714844
141.06988525390625 384.78564453125 490.8515625 384.0855407714844
142.3665771484375 383.9739685058594 490.8515625 384.0855407714844
142.3665771484375 383.9739685058594 490.8515625 384.0855407714844
142.40155029296875 377.39788818359375 491.3370361328125 376.8837890625
142.50735473632812 271.1687927246094 494.7496032714844 264.39398193359375
144.58473205566406 281.4042053222656 496.7754821777344 273.34710693359375
148.05181884765625 291.6207580566406 499.96923828125 284.2013244628906
151.64207458496094 452.9037170410156 498.4552001953125 461.8432312011719
155.20404052734375 404.1871032714844 504.70294189453125 412.064453125
155.38992309570312 284.37274169921875 508.3096618652344 277.04266357421875
157.48789978027344 290.3039855957031 510.5566711425781 283.7688903808594
159.2945098876953 432.8683776855469 504.9186096191406 438.5015563964844
165.7683868408203 436.8674011230469 515.49609375 448.6595458984375
166.56275939941406 437.2944641113281 515.49609375 448.6595458984375
167.976806640625 371.89935302734375 520.3201904296875 377.30322265625
168.30908203125 409.3682861328125 519.678466796875 420.3462219238281
171.0706329345703 385.3255920410156 524.01904296875 394.2106628417969
176.40943908691406 366.2891540527344 531.7553100585938 373.00311279296875
176.6317901611328 366.10491943359375 531.7553100585938 373.00311279296875
179.22286987304688 429.905029296875 531.2557373046875 444.4385681152344
182.12283325195312 415.4573974609375 534.5612182617188 427.31085205078125
183.1421356201172 446.3852844238281 535.6172485351562 467.0754699707031
188.38217163085938 444.0298767089844 542.93701171875 465.0605163574219
190.3810577392578 449.2962341308594 544.0841674804688 472.32733154296875
194.20713806152344 364.0849914550781 551.6101684570312 375.70794677734375
197.3636474609375 344.0555419921875 556.0228271484375 351.8777160644531
197.3636474609375 344.0555419921875 556.0228271484375 351.8777160644531
198.934814453125 431.685791015625 558.0440673828125 451.35797119140625
200.0733184814453 430.4577941894531 558.0440673828125 451.35797119140625
200.41786193847656 346.12115478515625 560.4425659179688 354.34649658203125
202.25686645507812 351.0570373535156 562.58544921875 360.3296203613281
202.9185791015625 338.9598083496094 563.7489624023438 345.8522033691406
207.03221130371094 347.3597412109375 569.0068969726562 357.0718078613281
291.4453125 272.7976379394531 557.91162109375 428.5312194824219
